map_trend_change_rate_cru50k_tmean_14_1951_2002.asc
ncols         720
nrows         285
xllcorner     -180
yllcorner     -58.5
cellsize      0.5
NODATA_value  -9999
[rows 217 to 247 of 285, columns 210 to 279 of 720]
-9999 -9999 -9999 -9999 -9999 -9999 -9999 -9999 0.002199779 0.002696882 0.003017156 0.004397525 0.006366716 0.00824241 0.00756838 0.007490701 0.008298597 0.009210008 0.01009909 0.01041362 0.01023518 0.009271949 0.008678545 0.009994748 0.01074105 0.01220580 0.01080321 0.006483822 0.002455932 -0.001859673 -0.003763752 -0.004269701 -0.003892064 -0.002496663 -0.001863145 -0.002910825 -0.003254527 -0.005389153 -0.005392556 -0.00623831 -0.006562086 -0.007098401 -0.005867231 -0.003882281 -0.0004304932 0.001519100 0.004606723 0.007260314 0.01042562 0.01255601 0.01451676 0.01511893 0.01617919 0.01566305 0.01725851 0.01896896 -9999 -9999 -9999 -9999 -9999 -9999 -9999 -9999 -9999 -9999 -9999 -9999 -9999 -9999
-9999 -9999 -9999 -9999 -9999 -9999 -9999 -9999 -9999 0.002222536 0.003083913 0.004582257 0.006446653 0.007888455 0.009303718 0.008889258 0.009023221 0.009146784 0.009831766 0.01013330 0.00963551 0.009244675 0.008878146 0.009328166 0.01106392 0.01240799 0.009985891 0.005477563 0.001104557 -0.002337896 -0.004903895 -0.005265603 -0.006230532 -0.00556227 -0.005257711 -0.00535229 -0.005540121 -0.00600732 -0.006248639 -0.006965312 -0.008151364 -0.00815495 -0.007163923 -0.004685536 -0.001919949 0.000899089 0.003518366 0.006056923 0.008933537 0.01150329 0.01308190 0.01480794 0.01489411 0.01518398 0.01614022 -9999 -9999 -9999 -9999 -9999 -9999 -9999 -9999 -9999 -9999 -9999 -9999 -9999 -9999 -9999
-9999 -9999 -9999 -9999 -9999 -9999 -9999 -9999 0.002180613 0.002815923 0.002900932 0.00448436 0.005845989 0.007593426 0.008996086 0.01111264 0.01061092 0.009863548 0.0104142 0.01040036 0.01037497 0.00977932 0.01034867 0.01073998 0.01104528 0.01111241 0.009783098 0.005417282 0.002033308 -0.001815333 -0.004562323 -0.005744602 -0.007115047 -0.008360163 -0.008564138 -0.00737884 -0.007813424 -0.006111469 -0.006256961 -0.006233009 -0.006639536 -0.007258805 -0.005911369 -0.004319749 -0.002008512 0.0002781369 0.003081989 0.00541282 0.007250806 0.009904268 0.01190380 0.0138026 0.01394707 0.01359531 -9999 -9999 -9999 -9999 -9999 -9999 -9999 -9999 -9999 -9999 -9999 -9999 -9999 -9999 -9999 -9999
-9999 -9999 -9999 -9999 -9999 -9999 -9999 -9999 0.002930887 0.001618436 0.002440714 0.004089022 0.005312436 0.007303203 0.009305577 0.01018912 0.01136466 0.01165249 0.01114980 0.01061088 0.01081123 0.01159734 0.01150860 0.01156600 0.01159146 0.01158368 0.009323357 0.005268097 0.001432658 -0.00271446 -0.002450294 -0.003670415 -0.004940161 -0.007189847 -0.007481091 -0.006927851 -0.007907404 -0.007778827 -0.006140583 -0.006290681 -0.00617737 -0.005569509 -0.004737594 -0.003190894 -0.0007717426 0.001530487 0.003341345 0.003930937 0.005720474 0.007247883 0.009631049 0.01143342 0.01279874 -9999 -9999 -9999 -9999 -9999 -9999 -9999 -9999 -9999 -9999 -9999 -9999 -9999 -9999 -9999 -9999 -9999
-9999 -9999 -9999 -9999 -9999 -9999 -9999 -9999 0.0022481 0.0019698 0.002691423 0.004169573 0.005337838 0.005869469 0.007683279 0.008737922 0.009990331 0.01036078 0.01032426 0.01116264 0.01120705 0.01150802 0.01178444 0.01206670 0.01142252 0.01021615 0.007944397 0.003777886 -0.0009877302 -0.0054145 -0.004727039 1.479930e-05 -0.001615684 -0.00386308 -0.004111410 -0.003982716 -0.004386631 -0.005038141 -0.005728817 -0.005382343 -0.005442978 -0.003816512 -0.002643153 -0.001837786 0.0006519837 0.001830381 0.003032877 0.003819382 0.005270574 0.006549636 0.008051215 0.009853389 0.01114988 -9999 -9999 -9999 -9999 -9999 -9999 -9999 -9999 -9999 -9999 -9999 -9999 -9999 -9999 -9999 -9999 -9999
-9999 -9999 -9999 -9999 -9999 -9999 -9999 -9999 0.003067195 0.002025518 0.001893420 0.002175593 0.003785207 0.004651367 0.005380376 0.006680856 0.007371626 0.00815507 0.01077546 0.01094511 0.01253091 0.01274874 0.01280170 0.01168559 0.01066094 0.009650917 0.007408018 0.003224665 -0.001092507 -0.005306416 -0.004104927 -0.0003272839 -0.0002521841 -0.002328203 -0.002743122 -0.002192401 -0.001880742 -0.002223062 -0.003035896 -0.00367444 -0.002766575 -0.001435681 -0.0007857604 0.001388082 0.0005112591 0.0009050564 0.002202196 0.003976939 0.004800876 0.006470965 0.008188898 0.009273048 0.01025445 -9999 -9999 -9999 -9999 -9999 -9999 -9999 -9999 -9999 -9999 -9999 -9999 -9999 -9999 -9999 -9999 -9999
-9999 -9999 -9999 -9999 -9999 -9999 -9999 0.002403552 0.003387748 0.002615723 0.002673557 0.002642436 0.00313574 0.002917358 0.003615623 0.005205763 0.005581303 0.008452319 0.01068538 0.01249963 0.01308513 0.01294358 0.01287765 0.01199855 0.01165794 0.01069835 0.007723919 0.004417543 -0.0004229545 -0.003417998 -0.001188623 0.001027356 -0.0001507431 -0.001577318 -0.002039205 -0.001912296 -0.001933354 -0.001125367 -0.0007767496 0.0001593006 0.0009067052 0.001292266 0.001880599 0.002680156 0.00201817 0.001086190 0.002308813 0.003970314 0.005285978 0.006006342 0.00749502 0.007880802 0.008074592 -9999 -9999 -9999 -9999 -9999 -9999 -9999 -9999 -9999 -9999 -9999 -9999 -9999 -9999 -9999 -9999 -9999
-9999 -9999 -9999 -9999 -9999 -9999 -9999 0.002538130 0.003331195 0.002974786 0.003441549 0.003800027 0.003911962 0.003822901 0.003162994 0.004782196 0.004088709 0.00655944 0.00828739 0.01077851 0.01308148 0.0138234 0.01333992 0.01299775 0.01255314 0.01181738 0.008521135 0.005455909 0.0002211566 -0.001366091 -0.0006809796 0.002429598 0.001271728 -0.002272612 -0.001899647 -0.002035838 -0.001369632 -0.001273358 0.0003997675 0.001768543 0.002810458 0.003312447 0.003662369 0.004148365 0.003064471 0.001906559 0.002137570 0.003733411 0.005160925 0.00654283 0.00645352 0.007110918 0.007578222 -9999 -9999 -9999 -9999 -9999 -9999 -9999 -9999 -9999 -9999 -9999 -9999 -9999 -9999 -9999 -9999 -9999
-9999 -9999 -9999 -9999 -9999 -9999 -9999 0.003313231 0.003293335 0.003735237 0.004597748 0.004641128 0.004779885 0.005917633 0.00556837 0.005131614 0.005201918 0.00366002 0.006204261 0.008846802 0.01172540 0.01232085 0.01258943 0.01360708 0.01279678 0.01050364 0.008565673 0.00586938 0.002180573 -2.590629e-05 0.0002805244 0.00335397 0.002250061 -0.001209288 -0.002158928 -0.001898255 -0.00168518 -0.0002402184 0.00204974 0.003869146 0.005143078 0.005091989 0.005271831 0.005514495 0.004379255 0.002899470 0.002334038 0.002393485 0.003847781 0.00530049 0.005303979 0.005460683 0.006278443 -9999 -9999 -9999 -9999 -9999 -9999 -9999 -9999 -9999 -9999 -9999 -9999 -9999 -9999 -9999 -9999 -9999
-9999 -9999 -9999 -9999 -9999 -9999 -9999 0.003100593 0.004412715 0.005121298 0.005622712 0.006381633 0.006883919 0.007172435 0.007004036 0.007048359 0.006152298 0.005390458 0.005226298 0.008203334 0.01091001 0.01140921 0.01194402 0.01300623 0.01161272 0.009660935 0.00722939 0.004374546 0.003373383 0.001471693 -0.001064972 0.002087334 0.002356742 -0.001816831 -0.001891703 -0.001626846 -0.001078632 0.001621904 0.002563713 0.005086893 0.007333676 0.006763858 0.007601695 0.006534019 0.006014254 0.004704187 0.002768154 0.001815293 0.003047531 0.004351693 0.004256315 -9999 -9999 -9999 -9999 -9999 -9999 -9999 -9999 -9999 -9999 -9999 -9999 -9999 -9999 -9999 -9999 -9999 -9999 -9999
-9999 -9999 -9999 -9999 -9999 -9999 -9999 0.0001768574 0.0026321 0.004725411 0.006260308 0.00671995 0.007863298 0.00801709 0.00803803 0.007652966 0.007586065 0.007809818 0.00706902 0.007546975 0.009660886 0.01234278 0.01156206 0.01204410 0.01064921 0.008402594 0.005935814 0.004691427 0.004961206 0.003779013 0.001373173 -0.0004115153 0.0006535424 -0.0002838468 -0.001079806 -0.001028770 -0.0006901366 -0.0004318327 0.002631997 0.007254212 0.009781276 0.009032803 0.008615172 0.007328613 0.006596011 0.006060422 0.003742435 0.001755063 0.002032232 0.002563151 -9999 -9999 -9999 -9999 -9999 -9999 -9999 -9999 -9999 -9999 -9999 -9999 -9999 -9999 -9999 -9999 -9999 -9999 -9999 -9999
-9999 -9999 -9999 -9999 -9999 -9999 -0.001945344 -0.002331253 7.987375e-06 0.004062143 0.005123304 0.007481924 0.00879441 0.00859795 0.008841133 0.008591775 0.008768424 0.009179172 0.008234917 0.007436113 0.008766784 0.01174138 0.01257508 0.01149762 0.009931669 0.007777072 0.006318605 0.004827756 0.005232231 0.005786007 0.003516814 0.004410394 0.002241781 0.001097840 3.391987e-05 -0.001515677 -0.0006538442 0.0004007278 0.004162049 0.00835993 0.009422834 0.008917845 0.008288406 0.007260092 0.006875936 0.006333925 0.004284401 0.002899999 0.001441671 0.002157917 -9999 -9999 -9999 -9999 -9999 -9999 -9999 -9999 -9999 -9999 -9999 -9999 -9999 -9999 -9999 -9999 -9999 -9999 -9999 -9999
-9999 -9999 -9999 -9999 -9999 -9999 -0.004641421 -0.004609611 -0.002202668 0.003263757 0.004939725 0.006774482 0.00873082 0.00956098 0.009446187 0.009599516 0.009933238 0.01071728 0.009733473 0.007025901 0.008880027 0.01104039 0.01173501 0.01078613 0.00925456 0.00771751 0.006433748 0.005528859 0.005271294 0.006874065 0.006281273 0.007179963 0.005867945 0.002139071 0.0008681553 -0.001983655 -0.001598559 0.002720064 0.005736182 0.009347471 0.00876006 0.008957642 0.008280137 0.007867227 0.006482288 0.00530403 0.004216949 0.002895986 0.002562873 0.002384131 -9999 -9999 -9999 -9999 -9999 -9999 -9999 -9999 -9999 -9999 -9999 -9999 -9999 -9999 -9999 -9999 -9999 -9999 -9999 -9999
-9999 -9999 -9999 -9999 -9999 -9999 -0.007004117 -0.008113918 -0.005286048 0.001539929 0.004004043 0.005863961 0.007470363 0.009257069 0.009544676 0.009411795 0.009515533 0.009631258 0.00878083 0.005652782 0.007759438 0.01082243 0.01180691 0.01048885 0.009634134 0.007920368 0.006458827 0.00594167 0.00611023 0.008878375 0.01089226 0.01197511 0.01039948 0.006813716 0.003200994 -8.55415e-05 -6.294446e-06 0.004917018 0.008146708 0.008704199 0.007934985 0.008175184 0.008217763 0.006596465 0.005893644 0.005664626 0.004889353 0.003727703 0.003246403 -9999 -9999 -9999 -9999 -9999 -9999 -9999 -9999 -9999 -9999 -9999 -9999 -9999 -9999 -9999 -9999 -9999 -9999 -9999 -9999 -9999
-9999 -9999 -9999 -9999 -9999 -9999 -0.009989604 -0.01035580 -0.00762874 -0.0009300356 0.004014037 0.005494712 0.006492926 0.00877266 0.00924129 0.008253388 0.005862993 0.006017301 0.004525895 0.00577582 0.007682813 0.01026258 0.01062003 0.01002280 0.01015086 0.009376182 0.007953247 0.008979811 0.01127849 0.01238719 0.014805 0.01390666 0.01265833 0.01066983 0.006805755 0.007042486 0.006379931 0.006546612 0.009576316 0.008459601 0.007193271 0.006374616 0.007562632 0.00730924 0.006082876 0.00552594 0.004444041 0.00359006 -9999 -9999 -9999 -9999 -9999 -9999 -9999 -9999 -9999 -9999 -9999 -9999 -9999 -9999 -9999 -9999 -9999 -9999 -9999 -9999 -9999 -9999
-9999 -9999 -9999 -9999 -9999 -9999 -9999 -0.01122530 -0.008696002 -0.0004611664 0.003855457 0.004204208 0.005549015 0.00732871 0.009763374 0.009469361 0.008883897 0.007814229 0.006129182 0.006362459 0.007954286 0.008276133 0.009484666 0.009442196 0.01039369 0.008762542 0.00888575 0.01123415 0.01264366 0.01453618 0.01691460 0.01623078 0.01483315 0.01382693 0.01196519 0.01086951 0.01034364 0.01046691 0.009279604 0.009008282 0.007400786 0.00536419 0.006572492 0.008109628 0.007081521 0.005835823 -9999 -9999 -9999 -9999 -9999 -9999 -9999 -9999 -9999 -9999 -9999 -9999 -9999 -9999 -9999 -9999 -9999 -9999 -9999 -9999 -9999 -9999 -9999 -9999
-9999 -9999 -9999 -9999 -9999 -9999 -0.009194064 -0.008465101 -0.006179785 -0.004151611 -0.0003329477 0.002197473 0.004147967 0.005831737 0.008318918 0.009344265 0.01086609 0.01136296 0.01070673 0.01061619 0.009994153 0.008430605 0.008872398 0.009096158 0.00952857 0.008684471 0.008804035 0.008678903 0.01053737 0.01431255 0.01615994 0.01725415 0.0177099 0.01436654 0.01222589 0.01272237 0.01171291 0.009924365 0.008677894 0.007251255 0.005990004 0.004143181 0.005835583 0.007760746 0.007186261 -9999 -9999 -9999 -9999 -9999 -9999 -9999 -9999 -9999 -9999 -9999 -9999 -9999 -9999 -9999 -9999 -9999 -9999 -9999 -9999 -9999 -9999 -9999 -9999 -9999
-9999 -9999 -9999 -9999 -9999 -9999 -0.007786169 -0.006191726 -0.006337919 -0.004517896 -0.000640706 0.00148779 0.003912611 0.005953531 0.007849053 0.009495572 0.01185583 0.01234122 0.01242931 0.01228927 0.01209528 0.009605837 0.008243992 0.008655207 0.008825652 0.008635597 0.009195837 0.008534163 0.008965479 0.01287287 0.01296618 0.01407065 0.01597088 0.01419021 0.01278631 0.0129768 0.01285993 0.009641432 0.006842626 0.005971055 0.004422605 0.003209143 0.003586642 0.006118579 0.006980913 -9999 -9999 -9999 -9999 -9999 -9999 -9999 -9999 -9999 -9999 -9999 -9999 -9999 -9999 -9999 -9999 -9999 -9999 -9999 -9999 -9999 -9999 -9999 -9999 -9999
-9999 -9999 -9999 -9999 -9999 -9999 -0.007572402 -0.00714355 -0.006764696 -0.002379738 0.001317814 0.003523818 0.005903483 0.006947438 0.009267828 0.01037383 0.01101821 0.01221326 0.01195854 0.01212797 0.01130320 0.008674673 0.007308462 0.00862633 0.00893766 0.009036252 0.008094392 0.007970551 0.009228468 0.01065766 0.0113791 0.008437252 0.01026083 0.01451476 0.01378664 0.01324936 0.01200525 0.008239637 0.005751128 0.003732749 0.002089423 0.0004316643 0.002289153 0.003425097 -9999 -9999 -9999 -9999 -9999 -9999 -9999 -9999 -9999 -9999 -9999 -9999 -9999 -9999 -9999 -9999 -9999 -9999 -9999 -9999 -9999 -9999 -9999 -9999 -9999 -9999
-9999 -9999 -9999 -9999 -9999 -9999 -0.006847134 -0.007711802 -0.004933163 -0.0002867271 0.002972863 0.004894321 0.007433504 0.008615358 0.009390663 0.01005513 0.01155299 0.01160846 0.01124695 0.01071901 0.009693951 0.00837845 0.005534924 0.005665548 0.005932636 0.007960208 0.007750597 0.008050384 0.009644562 0.01106653 0.006599913 0.004647191 0.007292326 0.01219548 0.01109441 0.01014528 0.008271154 0.005494659 0.003882406 0.001390045 -0.0005309304 0.002106614 0.0007094075 -9999 -9999 -9999 -9999 -9999 -9999 -9999 -9999 -9999 -9999 -9999 -9999 -9999 -9999 -9999 -9999 -9999 -9999 -9999 -9999 -9999 -9999 -9999 -9999 -9999 -9999 -9999
-9999 -9999 -9999 -9999 -9999 -0.006925655 -0.00845092 -0.005512221 -0.004029281 0.0004268893 0.004128601 0.007218124 0.008984135 0.008785638 0.009211649 0.01026141 0.01136152 0.01109781 0.01037455 0.00951608 0.008043251 0.007801762 0.005154359 0.003788192 0.004303617 0.001884834 0.005258609 0.00898451 0.01114902 0.005546539 0.001609675 0.002603273 0.007311785 0.01074848 0.005727666 0.005249225 0.003435934 -0.0009123306 -0.001678153 -0.0008893346 0.006267155 0.003120504 -9999 -9999 -9999 -9999 -9999 -9999 -9999 -9999 -9999 -9999 -9999 -9999 -9999 -9999 -9999 -9999 -9999 -9999 -9999 -9999 -9999 -9999 -9999 -9999 -9999 -9999 -9999 -9999
-9999 -9999 -9999 -9999 -9999 -0.007319887 -0.00502309 -0.003677585 -0.001046741 0.001949832 0.005443405 0.008457519 0.009366426 0.009260402 0.009735965 0.01099156 0.01089890 0.01063182 0.009923577 0.009412863 0.007820768 0.007283718 0.004363328 0.003166866 0.003636523 0.001435891 0.000477951 0.006605095 0.00715773 0.002324646 0.001827927 0.004526085 0.009922754 0.006817708 0.002326084 -0.00321902 -9999 -9999 -9999 -9999 -9999 -9999 -9999 -9999 -9999 -9999 -9999 -9999 -9999 -9999 -9999 -9999 -9999 -9999 -9999 -9999 -9999 -9999 -9999 -9999 -9999 -9999 -9999 -9999 -9999 -9999 -9999 -9999 -9999 -9999
-9999 -9999 -9999 -9999 -0.00644761 -0.004822009 -0.002091231 -0.0007409705 0.0003398304 0.002656619 0.005701241 0.008227986 0.01008219 0.01033778 0.009903183 0.01081857 0.01099699 0.01003326 0.009616712 0.00879517 0.007406502 0.004743972 0.001905104 0.003442269 0.005750962 0.004103365 0.003544873 0.003875913 0.004110389 0.004013947 0.00591869 0.008026682 0.009401345 0.002146040 -0.00564806 -0.01306291 -9999 -9999 -9999 -9999 -9999 -9999 -9999 -9999 -9999 -9999 -9999 -9999 -9999 -9999 -9999 -9999 -9999 -9999 -9999 -9999 -9999 -9999 -9999 -9999 -9999 -9999 -9999 -9999 -9999 -9999 -9999 -9999 -9999 -9999
-9999 -9999 -9999 -9999 -0.006206023 -0.002308284 -0.001004634 0.0005250408 0.001723527 0.002918564 0.005126456 0.008166685 0.00952197 0.01006646 0.01054595 0.01112384 0.01036945 0.00974272 0.009014468 0.007892076 0.008446087 0.004755847 0.002450465 0.004616659 0.007599594 0.009432584 0.008203472 0.008823259 0.00710544 0.006754537 0.00898132 0.01022171 0.009659277 0.003283714 -0.003488589 -0.01095472 -0.005348821 -9999 -9999 -9999 -9999 -9999 -9999 -9999 -9999 -9999 -9999 -9999 -9999 -9999 -9999 -9999 -9999 -9999 -9999 -9999 -9999 -9999 -9999 -9999 -9999 -9999 -9999 -9999 -9999 -9999 -9999 -9999 -9999 -9999
-9999 -9999 -9999 -0.008816692 -0.007703552 -0.005590256 -0.002352089 -0.0001491741 0.003469267 0.004050208 0.005681275 0.007666442 0.00908611 0.01009715 0.01052765 0.01108237 0.01056972 0.009920085 0.008922349 0.008474866 0.009006062 0.00949195 0.007072269 0.006527267 0.009713815 0.01376008 0.01434102 0.01675113 0.01582999 0.01259071 0.01141191 0.00946702 0.01001407 0.009513656 0.005926671 0.004122804 0.009800221 -9999 -9999 -9999 -9999 -9999 -9999 -9999 -9999 -9999 -9999 -9999 -9999 -9999 -9999 -9999 -9999 -9999 -9999 -9999 -9999 -9999 -9999 -9999 -9999 -9999 -9999 -9999 -9999 -9999 -9999 -9999 -9999 -9999
-9999 -9999 -0.01122058 -0.01024405 -0.008932714 -0.007946048 -0.005844868 -0.002603662 -0.0004943825 0.002546607 0.005283865 0.007277798 0.009325373 0.01063198 0.01138492 0.01061115 0.01041437 0.009813809 0.00968896 0.00969743 0.009178541 0.009484087 0.01019617 0.009427355 0.00999716 0.01381260 0.01670939 0.01929887 0.01932189 0.01516625 0.01313800 0.01096947 0.01080744 0.01061199 0.01078369 0.01062682 0.009780799 -9999 -9999 -9999 -9999 -9999 -9999 -9999 -9999 -9999 -9999 -9999 -9999 -9999 -9999 -9999 -9999 -9999 -9999 -9999 -9999 -9999 -9999 -9999 -9999 -9999 -9999 -9999 -9999 -9999 -9999 -9999 -9999 -9999
-9999 -9999 -0.01335183 -0.01200634 -0.01151228 -0.0110904 -0.009002376 -0.006340216 -0.002008813 0.001585334 0.004150984 0.006689937 0.008667966 0.01046805 0.01121859 0.01087432 0.01033376 0.00961594 0.009248375 0.008948944 0.009147438 0.00938715 0.009692932 0.01005180 0.01095478 0.01161756 0.01512708 0.01536910 0.01531308 0.01538648 0.01301244 0.01252763 0.01142901 0.01146672 0.01113593 0.01063999 -9999 -9999 -9999 -9999 -9999 -9999 -9999 -9999 -9999 -9999 -9999 -9999 -9999 -9999 -9999 -9999 -9999 -9999 -9999 -9999 -9999 -9999 -9999 -9999 -9999 -9999 -9999 -9999 -9999 -9999 -9999 -9999 -9999 -9999
-9999 -9999 -0.01489555 -0.01367122 -0.01364920 -0.0136664 -0.00955076 -0.006267168 -0.002717405 0.001173348 0.004167035 0.005987442 0.008691973 0.01061146 0.01135933 0.01011002 0.00988778 0.009056657 0.008893562 0.008896651 0.009398644 0.009784321 0.00991588 0.01093446 0.01105116 0.01145853 0.01193129 0.01236145 0.01225868 0.01270918 0.01295829 0.01270446 0.01211575 0.01168263 0.01121072 -9999 -9999 -9999 -9999 -9999 -9999 -9999 -9999 -9999 -9999 -9999 -9999 -9999 -9999 -9999 -9999 -9999 -9999 -9999 -9999 -9999 -9999 -9999 -9999 -9999 -9999 -9999 -9999 -9999 -9999 -9999 -9999 -9999 -9999 -9999
-9999 -9999 -9999 -0.01591033 -0.01603409 -0.01251487 -0.007093316 -0.003822994 -5.808551e-05 0.004330997 0.006477745 0.007868863 0.009568663 0.01102801 0.01136434 0.01013173 0.009768873 0.008087382 0.008349455 0.008620197 0.00987299 0.009800082 0.009859324 0.01113059 0.01112710 0.01000785 0.01033049 0.01184115 0.01317629 0.0126884 0.01259638 0.01240697 0.01161503 0.01134424 -9999 -9999 -9999 -9999 -9999 -9999 -9999 -9999 -9999 -9999 -9999 -9999 -9999 -9999 -9999 -9999 -9999 -9999 -9999 -9999 -9999 -9999 -9999 -9999 -9999 -9999 -9999 -9999 -9999 -9999 -9999 -9999 -9999 -9999 -9999 -9999
-9999 -9999 -9999 -0.01582456 -0.01447751 -0.01051069 -0.004438269 -0.0006784024 0.003195734 0.006465166 0.008481353 0.01019319 0.01160031 0.01221382 0.01167107 0.01072203 0.009353085 0.00824905 0.008154452 0.00842377 0.009737368 0.01007387 0.01072669 0.01176047 0.01031991 0.009830881 0.01098172 0.01187009 -9999 -9999 -9999 -9999 -9999 -9999 -9999 -9999 -9999 -9999 -9999 -9999 -9999 -9999 -9999 -9999 -9999 -9999 -9999 -9999 -9999 -9999 -9999 -9999 -9999 -9999 -9999 -9999 -9999 -9999 -9999 -9999 -9999 -9999 -9999 -9999 -9999 -9999 -9999 -9999 -9999 -9999
-9999 -9999 -0.01429408 -0.01561372 -0.01704036 -0.00790357 -0.002257343 0.003247431 0.00631934 0.009040444 0.01103260 0.01153219 0.01294717 0.01146267 0.01125608 0.01071015 0.009032247 0.00821279 0.007550052 0.007762385 0.008939138 0.009557508 0.01095731 0.01110010 0.01084921 0.01088282 -9999 -9999 -9999 -9999 -9999 -9999 -9999 -9999 -9999 -9999 -9999 -9999 -9999 -9999 -9999 -9999 -9999 -9999 -9999 -9999 -9999 -9999 -9999 -9999 -9999 -9999 -9999 -9999 -9999 -9999 -9999 -9999 -9999 -9999 -9999 -9999 -9999 -9999 -9999 -9999 -9999 -9999 -9999 -9999
