map_trend_change_rate_cru50k_tmean_14_1951_2002.asc
ncols         720
nrows         285
xllcorner     -180
yllcorner     -58.5
cellsize      0.5
NODATA_value  -9999
[rows 62 to 92 of 285, columns 560 to 629 of 720]
0.03977881 0.04027154 0.04039778 0.04133247 0.04008264 0.04010789 0.03987927 0.04016448 0.04086943 0.03992012 0.03893297 0.03819989 0.03825868 0.03844307 0.03764894 0.03849036 0.03969845 0.04075452 0.04179427 0.04228883 0.04201933 0.04090513 0.04019127 0.04001379 0.04017355 0.03961585 0.03887228 0.03978995 0.038635 0.03718475 0.03563982 0.03503136 0.03424733 0.03403186 0.03214069 0.03137365 0.02859452 0.02723875 0.02777191 0.02871121 0.03038629 0.03313632 0.03383129 0.03250325 0.03053268 0.03069642 0.03248533 0.03367415 0.03357075 0.03414307 0.03512304 0.03604658 0.03708882 0.0379251 0.0389974 0.04015558 0.03852071 0.03907185 0.03819862 0.03623567 0.03529974 0.0340323 0.03279187 0.03182438 0.03077405 0.030511 0.03004794 0.03021111 0.03061016 0.02992791
0.03957679 0.04037823 0.04117108 0.04132088 0.04176515 0.04241635 0.04145536 0.04188266 0.04276097 0.03993498 0.03888429 0.03601931 0.03457516 0.03521868 0.03685321 0.03794021 0.03776198 0.03795698 0.03870804 0.03851878 0.03949349 0.04034 0.04182689 0.04353418 0.04386247 0.04317462 0.04254975 0.04192396 0.0413116 0.03974215 0.03826095 0.03671697 0.03487231 0.03363761 0.03266503 0.03201382 0.03179304 0.03290705 0.03248228 0.03301476 0.03492506 0.03543731 0.03399344 0.03261178 0.03043131 0.03215993 0.03335186 0.03376275 0.03418490 0.03415527 0.03580727 0.03613678 0.03637018 0.03818091 0.03901818 0.03865581 0.03760162 0.03711067 0.03611258 0.03560393 0.03452764 0.03321825 0.0319427 0.03128248 0.03112859 0.03096867 0.03064237 0.03024088 0.02989036 0.02942189
0.03911468 0.04045704 0.04120583 0.04123808 0.04143193 0.04285201 0.04425734 0.04409448 0.04282024 0.03925166 0.03710118 0.03471767 0.03448369 0.03402546 0.03383748 0.03486450 0.03604693 0.03577811 0.03705714 0.03765002 0.03769499 0.03848914 0.03887385 0.04092965 0.04272169 0.04257092 0.04336374 0.042368 0.04133724 0.04006499 0.03875374 0.03776115 0.03663061 0.03423657 0.03422010 0.03595294 0.03606469 0.0367611 0.03685947 0.03664487 0.03717246 0.03567819 0.03370879 0.03266177 0.03078395 0.03246057 0.03372715 0.03495590 0.03487157 0.0354581 0.03590392 0.03627666 0.03685912 0.03790487 0.03894944 0.03721124 0.03671714 0.03657253 0.03561201 0.03481178 0.03332261 0.03232633 0.03208543 0.0315779 0.03110168 0.03063191 0.0301964 0.0295963 0.02935409 0.02887092
0.03957868 0.03900905 0.03972983 0.04016449 0.04054113 0.04201271 0.04187528 0.04209414 0.04143289 0.04057711 0.03750267 0.03438944 0.03230203 0.03021775 0.0305645 0.03306251 0.03302245 0.03414434 0.03446123 0.03669504 0.03714595 0.03676715 0.03798931 0.03764061 0.03903872 0.0445372 0.04187535 0.04127764 0.04004326 0.03932868 0.03871195 0.0373122 0.03583966 0.03540822 0.03668562 0.03828676 0.03966541 0.04079459 0.04071576 0.03940297 0.03691608 0.03514467 0.03391111 0.03321342 0.03146105 0.03330831 0.0346078 0.03597969 0.03694964 0.03698502 0.03688022 0.03676748 0.03744099 0.03709126 0.03796826 0.03641076 0.03577847 0.03546625 0.03494044 0.03370846 0.03229306 0.03238985 0.03124936 0.03106343 0.03024984 0.02973651 0.02945122 0.02919717 0.02796099 0.02859263
0.038755 0.03852798 0.03795912 0.03845457 0.03965199 0.03950847 0.03972441 0.03954617 0.03902182 0.03853902 0.0365749 0.03248193 0.03027567 0.02887140 0.02877730 0.03020496 0.03020008 0.03144020 0.03230732 0.03364644 0.03485561 0.03486760 0.03545065 0.03581554 0.03752205 0.04334562 0.04067716 0.03977022 0.03968817 0.03748119 0.03769361 0.03675962 0.03506784 0.03632443 0.03852959 0.04002091 0.04302819 0.04317648 0.04168117 0.04021566 0.03727750 0.03500791 0.03388192 0.0330342 0.03315746 0.03455338 0.03586981 0.03724159 0.0388533 0.03810643 0.03691122 0.03604663 0.03772931 0.03851161 0.03775762 0.03610013 0.03582126 0.03542219 0.03532323 0.03417396 0.03310987 0.0310957 0.03046633 0.03034325 0.02951575 0.02862099 0.02819404 0.02737415 0.02747803 0.02685037
0.03864237 0.03844133 0.03718881 0.03641208 0.03655258 0.03591843 0.03681373 0.03683454 0.03679296 0.03579422 0.03359996 0.03137512 0.02936881 0.03142883 0.03147617 0.0315645 0.02973471 0.02816078 0.02872052 0.03006085 0.03146187 0.03230819 0.03228558 0.03360181 0.04146242 0.04330071 0.03943689 0.03831593 0.03627551 0.03700563 0.03630962 0.03380499 0.03327509 0.03751467 0.03921842 0.0403353 0.04223639 0.04437191 0.04316506 0.04092927 0.03819123 0.0357065 0.03341271 0.03286906 0.03420127 0.03565438 0.03684237 0.03767477 0.03797971 0.03794169 0.03603798 0.03523406 0.03774971 0.03898438 0.03757885 0.03709307 0.03572485 0.03647164 0.03549964 0.03427624 0.03371358 0.03180429 0.02998513 0.027999 0.02809438 0.02896139 0.02840669 0.02729519 0.02592115 0.02463110
0.03867179 0.03730524 0.03622558 0.03362434 0.03372213 0.03454114 0.03535445 0.03494388 0.03418997 0.03407623 0.03319687 0.03123588 0.03262112 0.03369125 0.03331522 0.03182378 0.03100591 0.02887542 0.02710022 0.02664118 0.02862073 0.02911206 0.03024667 0.03530041 0.04445405 0.04292364 0.0401208 0.03802552 0.03630222 0.03602322 0.03422755 0.03248128 0.03323539 0.03638442 0.03848674 0.04032417 0.04265242 0.04498777 0.04481391 0.0426863 0.03869944 0.0358462 0.03359118 0.0336691 0.03515223 0.03565407 0.0369582 0.03725029 0.03678069 0.03624653 0.03523959 0.03605919 0.03728712 0.03820428 0.03970562 0.03723320 0.03632927 0.03691206 0.03488371 0.03443861 0.03324223 0.03217258 0.02936827 0.02681276 0.02684305 0.02773837 0.0276248 0.025459 0.02477716 0.02412711
0.03993663 0.03713896 0.03400055 0.03178757 0.03082111 0.03282109 0.03292577 0.03313568 0.03276743 0.03282115 0.03318278 0.03614334 0.03785812 0.03799753 0.03601469 0.03392592 0.03217435 0.03069096 0.02894377 0.02689912 0.02647944 0.02652128 0.02899156 0.0387614 0.04327241 0.04264280 0.04060942 0.03797788 0.03613953 0.03570242 0.03605127 0.03539559 0.03636232 0.03816589 0.04030341 0.04093439 0.04362107 0.04620434 0.04669819 0.04227441 0.0390903 0.03539381 0.03288706 0.03283914 0.03388435 0.03571867 0.03620076 0.03564294 0.03472315 0.03392694 0.03426333 0.03659309 0.03873110 0.0415362 0.04200634 0.0389563 0.03760811 0.03650829 0.03439449 0.03296033 0.03195993 0.02999313 0.02770092 0.02715429 0.02730849 0.02708349 0.02564246 0.02401894 0.02322231 0.02451186
0.04138568 0.03861575 0.03472366 0.03163743 0.02958850 0.03132322 0.03203985 0.0310228 0.0318791 0.03477542 0.03801946 0.04102225 0.0425771 0.04158168 0.03984511 0.0368164 0.03392082 0.03215204 0.02995567 0.02868222 0.02789887 0.02719273 0.03292488 0.04107232 0.04470058 0.04275375 0.03944519 0.03730007 0.03803777 0.0371205 0.03573627 0.03673798 0.03799014 0.0414176 0.0433545 0.04240987 0.04279935 0.04469853 0.04442979 0.04193205 0.03874979 0.03503207 0.03200423 0.03297909 0.03319245 0.0335351 0.03393735 0.03288929 0.03320395 0.03387258 0.03308529 0.03542587 0.03822436 0.04175978 0.04201929 0.03907984 0.03914779 0.037227 0.03513156 0.0331766 0.03100273 0.02893324 0.02706653 0.02632334 0.02605574 0.02630282 0.02532301 0.02428756 0.02342349 0.02410187
0.04159268 0.04047773 0.0377101 0.03471974 0.03136921 0.02915471 0.02979901 0.03209417 0.03483895 0.0379689 0.0408331 0.04547237 0.04609222 0.04368848 0.04159345 0.03913464 0.03588417 0.03422645 0.03194184 0.02964995 0.02934797 0.03039231 0.03172648 0.03693282 0.04034060 0.03953006 0.03906487 0.03802723 0.03776752 0.03904712 0.03798044 0.0373751 0.04028843 0.04029315 0.0407894 0.04086224 0.04004656 0.0396962 0.03923536 0.03738429 0.03748141 0.03423725 0.03288437 0.03181857 0.03251044 0.03487137 0.03647387 0.03494836 0.03201679 0.02827242 0.02763048 0.03289788 0.03750722 0.04003521 0.03885499 0.03754318 0.03700903 0.03487328 0.03354089 0.03182143 0.0306095 0.02768421 0.02688188 0.02689074 0.02658956 0.02680206 0.02545478 0.02477227 0.02410145 0.02266379
0.04106593 0.04044853 0.03750321 0.03514111 0.03064529 0.02931676 0.03027449 0.03546105 0.03906563 0.04229779 0.04537588 0.04851009 0.04681300 0.04418903 0.04190416 0.03871812 0.03634713 0.03394845 0.03150223 0.02874472 0.02687572 0.02787171 0.02999614 0.03166848 0.0353287 0.03609672 0.03559897 0.03566370 0.03721681 0.03866787 0.03853007 0.03771636 0.03681701 0.03522948 0.03596663 0.03689368 0.03454292 0.03469289 0.03661184 0.03451896 0.03301219 0.03168964 0.03200990 0.03301384 0.03468915 0.03657121 0.03798966 0.03691945 0.03130664 0.02734786 0.02585583 0.03164176 0.03600778 0.03595767 0.03546812 0.03565908 0.03332084 0.03345721 0.03419154 0.03246397 0.03179897 0.03048923 0.02839734 0.02783236 0.02683946 0.02657906 0.02582675 0.02505888 0.02425728 0.02391884
0.03888277 0.03808004 0.03522754 0.03380697 0.0322419 0.03193828 0.0323416 0.03394207 0.03911733 0.04357287 0.0482432 0.05169123 0.0496065 0.04284262 0.03945634 0.0368461 0.03315314 0.02886853 0.02590311 0.02187467 0.02163986 0.0246112 0.02816009 0.03079194 0.03298875 0.03329067 0.03404554 0.03561857 0.0370275 0.03500465 0.03412842 0.03423048 0.03454945 0.03383111 0.03304657 0.03068437 0.02921134 0.03014475 0.03135891 0.03078022 0.03136481 0.0304659 0.02917985 0.03153289 0.03573434 0.03815014 0.03844386 0.03582952 0.03314168 0.02994344 0.02900305 0.03062824 0.03323084 0.03343448 0.03253453 0.03229128 0.03052735 0.03104835 0.03312623 0.03234448 0.03099203 0.03040769 0.02872374 0.0274267 0.02750482 0.02663594 0.02617777 0.02564871 0.02425414 0.02246066
0.03553404 0.03468667 0.03648007 0.03624418 0.03590577 0.03623220 0.03580067 0.03831938 0.03830975 0.04339395 0.04743009 0.05057641 0.04881757 0.0408582 0.03433639 0.03040054 0.02648720 0.02273863 0.01919782 0.01835111 0.01985824 0.02389754 0.02719788 0.03135755 0.03341854 0.0337841 0.03498926 0.03642922 0.03404435 0.03272473 0.03143364 0.03111712 0.03171893 0.03108219 0.03012671 0.02719743 0.02682669 0.02815585 0.02883043 0.03012167 0.0299671 0.02941331 0.02941484 0.03116102 0.03336737 0.03693744 0.0381195 0.03807788 0.03518568 0.03218045 0.03116 0.03274419 0.03192290 0.03140957 0.03059437 0.03034709 0.02917454 0.03006493 0.03061334 0.02976432 0.03124203 0.03040739 0.03002876 0.02881902 0.02825913 0.02757443 0.02688281 0.02605468 0.02480121 0.02338396
0.03254191 0.03396709 0.03647524 0.03924447 0.03838509 0.03823764 0.03818715 0.03806565 0.03945513 0.03929317 0.04254825 0.04508236 0.04271449 0.03442422 0.02863047 0.02167191 0.01766393 0.01739170 0.01878126 0.02034979 0.02166464 0.02363594 0.02739871 0.03119535 0.03227794 0.03384226 0.034172 0.03365608 0.03168873 0.03052381 0.0301803 0.02978666 0.02920483 0.02952118 0.02840286 0.02650704 0.02557157 0.02686872 0.02844413 0.0280012 0.02911121 0.02940853 0.03006419 0.03056034 0.03255797 0.03266806 0.03371514 0.03467343 0.03512529 0.03373881 0.03292418 0.03166108 0.03116089 0.02956960 0.02965421 0.02974081 0.02995238 0.02955643 0.0308652 0.0323022 0.03209558 0.031448 0.03090784 0.03072905 0.02921718 0.02841649 0.02693978 0.02570975 0.02480515 0.02392862
0.03245252 0.03345741 0.03550175 0.03755449 0.03930476 0.03712195 0.03610094 0.03690528 0.03692199 0.03700173 0.03694118 0.03952089 0.03737302 0.03033748 0.0239067 0.02039971 0.01933305 0.02108301 0.02286581 0.02442328 0.02432584 0.02532859 0.02723439 0.02929204 0.03139400 0.03241065 0.03309533 0.0330079 0.03108712 0.02917027 0.02868338 0.02759954 0.02869109 0.02746966 0.02626857 0.02456854 0.02545561 0.02742998 0.02894575 0.02888981 0.02945146 0.02926809 0.03021580 0.03021153 0.03030499 0.03003951 0.02964415 0.02974735 0.03051939 0.0310936 0.03109697 0.03037874 0.02900629 0.02791557 0.0279877 0.02907609 0.02994133 0.03008765 0.02863394 0.03060534 0.03182827 0.03143381 0.03074481 0.03001874 0.02941123 0.02755862 0.02635766 0.02505226 0.02442988 0.02340888
0.03198724 0.03372845 0.03568187 0.0359389 0.03665597 0.03802902 0.03633831 0.03591067 0.03447265 0.03385404 0.03337935 0.03289287 0.03131285 0.02740582 0.02614962 0.02431357 0.02441459 0.02389302 0.02564260 0.02709605 0.0279291 0.02784624 0.02898451 0.02879481 0.03089203 0.03297289 0.03328353 0.03273256 0.03003774 0.02861538 0.02779425 0.02871845 0.02824512 0.02690143 0.02470631 0.02371664 0.02545806 0.02698612 0.02881632 0.0298416 0.03044854 0.03037863 0.03080731 0.03041473 0.03079656 0.02963914 0.02854522 0.02630007 0.02653598 0.02687870 0.02740262 0.02832052 0.0274375 0.02678641 0.02656021 0.02739171 0.02841784 0.0285213 0.02820113 0.02815177 0.02918657 0.02840902 0.02836323 0.02775066 0.02839545 0.0282714 0.02658348 0.02611050 0.0249225 0.02195848
0.03077623 0.03348852 0.03558063 0.0367473 0.03742023 0.0386113 0.03694595 0.03633355 0.03539033 0.03418822 0.0333362 0.03288121 0.0327801 0.03125231 0.03096285 0.02955974 0.02851082 0.02821616 0.02899501 0.02995469 0.03117555 0.02971484 0.03075906 0.03050157 0.03125238 0.03198323 0.03223199 0.03124285 0.03092026 0.02884490 0.02778186 0.02908763 0.02726683 0.02593152 0.02416939 0.02317126 0.02379639 0.02601016 0.02785253 0.03050469 0.03099818 0.03130496 0.03089628 0.03091216 0.03117213 0.0304913 0.02922928 0.02644592 0.02592392 0.02632344 0.02617869 0.02684089 0.02750922 0.02681620 0.0276251 0.02737642 0.02825934 0.02873968 0.02899093 0.02933280 0.02669193 0.02579859 0.02551369 0.02632493 0.02752857 0.02688745 0.02577303 0.0250358 0.02374431 0.02186894
0.03142839 0.03270586 0.03450355 0.03665400 0.03829401 0.03865898 0.03825879 0.03752116 0.03695553 0.03622386 0.03456496 0.03411664 0.03369087 0.03287985 0.03294343 0.03214319 0.03196647 0.03296727 0.03329505 0.03263199 0.03370761 0.03219661 0.03124097 0.03195261 0.03412445 0.03381983 0.03286704 0.03279033 0.03128448 0.02996039 0.02889108 0.02878968 0.02715915 0.02363653 0.02272257 0.02307405 0.02413907 0.02616560 0.02824908 0.03019748 0.03116961 0.03135176 0.03196982 0.03153702 0.03089263 0.03085215 0.02988488 0.02832742 0.02803743 0.02823410 0.02890296 0.02908680 0.02745634 0.02911655 0.02906067 0.02937656 0.02852951 0.02955229 0.03013973 0.02775026 0.02632304 0.02514218 0.02436139 0.02432241 0.02368453 0.02489847 0.02325765 0.02162692 0.02011172 0.0201932
0.03107672 0.03194568 0.03422722 0.03588099 0.03746642 0.03873093 0.03928854 0.03849592 0.03775756 0.03711124 0.03562977 0.03512486 0.03372527 0.03249087 0.03227983 0.03255396 0.03250974 0.03364127 0.03402822 0.03489676 0.03422559 0.03317045 0.03237276 0.03397997 0.03558423 0.03555708 0.03508661 0.03327494 0.03189000 0.03181083 0.03073355 0.0293937 0.028101 0.02412933 0.02118442 0.02292500 0.02276554 0.02404244 0.02595734 0.02710388 0.02997269 0.03077349 0.03101786 0.03195672 0.03062908 0.03112688 0.03034170 0.02947828 0.02899205 0.02978840 0.03183357 0.03031311 0.02953975 0.03011837 0.03139288 0.03144703 0.03211154 0.03131013 0.02766969 0.02563412 0.02418370 0.02247352 0.02166614 0.01987459 0.01911752 0.02058372 0.02060812 0.02020082 0.01987988 0.02055946
0.03129028 0.03144597 0.03351323 0.03568409 0.03650358 0.03716904 0.03887063 0.03947200 0.03911738 0.03720438 0.03428473 0.03432687 0.03346036 0.0330335 0.03186248 0.03166755 0.03167836 0.03290933 0.03292703 0.03359709 0.03465915 0.03356028 0.0337035 0.03631557 0.03714574 0.03674657 0.03497999 0.03334875 0.03098183 0.029619 0.03037323 0.03072896 0.02818838 0.02541892 0.02308011 0.02156306 0.02093355 0.01934466 0.01996104 0.02222895 0.02515436 0.02744998 0.02917718 0.03010248 0.03016083 0.02961332 0.03021496 0.03054423 0.02967478 0.03239290 0.03418266 0.03181836 0.03066386 0.03167144 0.03184477 0.03297271 0.03237382 0.02901293 0.02600913 0.02368939 0.02047187 0.01866059 0.01807716 0.01695401 0.01725044 0.01808583 0.01881317 0.02010752 0.01998248 0.01948322
0.03052073 0.03099593 0.03264164 0.03404537 0.03499512 0.0358317 0.03745506 0.03835936 0.03861678 0.03646401 0.03434547 0.03281769 0.03244597 0.03206535 0.03168178 0.03096270 0.0309205 0.03228519 0.03229961 0.03321757 0.0344904 0.03368936 0.03351656 0.03698677 0.03817311 0.03631215 0.03444767 0.03257984 0.03038841 0.02833376 0.02690706 0.02741992 0.02749231 0.02526075 0.02296240 0.02062605 0.01892568 0.01686260 0.01599191 0.01746487 0.02128997 0.02400185 0.02527164 0.02678797 0.02689142 0.02722537 0.02788939 0.02834900 0.02979591 0.03231092 0.0350628 0.03250725 0.03096178 0.03181052 0.03201973 0.03204638 0.03055995 0.0264851 0.02299393 0.02143957 0.01945349 0.01751976 0.01660710 0.01696020 0.01713278 0.01634276 0.01766943 0.01863616 0.01953364 -9999
0.03001848 0.03125144 0.03153745 0.03268534 0.03310728 0.03308233 0.03509677 0.03691042 0.03719833 0.03571016 0.03381649 0.03272722 0.0314708 0.03047227 0.03064220 0.02980071 0.03019624 0.03126167 0.03205785 0.03326773 0.03384819 0.03399087 0.03384283 0.03536956 0.03594105 0.03524659 0.03379424 0.03217293 0.02905511 0.02700569 0.02483957 0.02307307 0.02266258 0.02056256 0.02060952 0.02060122 0.01874793 0.01706103 0.01503768 0.01432222 0.01682782 0.01920870 0.02049546 0.02180736 0.02263957 0.02333652 0.02478014 0.02487694 0.02603004 0.02846855 0.03128865 0.03326546 0.03124114 0.03007001 0.02942543 0.02868658 0.02613405 0.02382929 0.02097459 0.01930965 0.01707689 0.0150405 -9999 -9999 -9999 -9999 -9999 -9999 -9999 -9999
0.02879298 0.02937521 0.02994176 0.02913531 0.02903887 0.03097724 0.03344212 0.03519101 0.03524078 0.03435812 0.03271093 0.03177578 0.03118656 0.03048315 0.02977104 0.02975349 0.02966274 0.02992783 0.03063835 0.03197663 0.03320037 0.03349063 0.03322774 0.03438940 0.03532830 0.03406073 0.03296154 0.03202991 0.02945814 0.02543693 0.02325648 0.02118531 0.02041224 0.01898730 0.01924886 0.02002032 0.01804497 0.01675582 0.01539195 0.01378773 0.01642076 0.01779862 0.01970748 0.02175289 0.02331334 0.02495374 0.02606867 0.02614878 0.02501288 0.02668846 0.02967955 0.03162992 0.03214092 0.02877907 0.02595172 0.02384689 0.02403647 0.01992858 0.01854931 0.01796282 -9999 -9999 -9999 -9999 -9999 -9999 -9999 -9999 -9999 -9999
0.02635543 0.02618489 0.02669574 0.02583733 0.02719427 0.02998123 0.03236072 0.03386435 0.03314239 0.03236081 0.03149528 0.03056953 0.02962856 0.02965922 0.02923203 0.02927945 0.02890792 0.02998644 0.02832423 0.02957819 0.03104948 0.03104136 0.03114877 0.03208596 0.03252533 0.03285554 0.03228751 0.03098475 0.02895637 0.02495157 0.02263296 0.02052619 0.019554 0.0217329 0.02206021 0.01906843 0.01689219 0.01574715 0.01483929 0.01402907 0.01608986 0.02225305 0.02412198 0.02559906 0.02785222 0.02906433 0.03003178 0.02770498 0.02649511 0.02613920 0.02894983 0.03237935 0.03261224 0.02740677 0.02525021 0.02436385 0.02108638 0.02057455 0.01773196 0.01569609 -9999 -9999 -9999 -9999 -9999 -9999 -9999 -9999 -9999 -9999
0.02272312 0.02342672 0.02436516 0.02498708 0.02743147 0.02881132 0.03135549 0.03182918 0.03255158 0.030858 0.03030551 0.02917603 0.02886716 0.02876969 0.02937712 0.02944088 0.02818667 0.02733272 0.02810435 0.02868575 0.02836134 0.02954968 0.02961344 0.02968806 0.02964897 0.02967326 0.02961406 0.02878851 0.02840567 0.02392911 0.02163410 0.0192505 0.01846550 0.01982149 0.01971425 0.01849393 0.01618538 0.01465571 0.01409456 0.01467281 0.01861375 0.02475441 0.02667341 0.02767896 0.02989638 0.03170456 0.03165159 0.02942770 0.02789097 0.02789742 0.02930321 0.03256534 0.0323932 0.02734525 0.02447319 0.02374570 0.02187893 0.02014998 0.01513228 0.01344393 -9999 -9999 -9999 -9999 -9999 -9999 -9999 -9999 -9999 -9999
0.02110383 0.02299509 0.02505701 0.02524156 0.02680675 0.02895140 0.03030578 0.03120508 0.0307991 0.02967296 0.02937409 0.02787955 0.02882544 0.02901411 0.0295944 0.02994195 0.02806020 0.02832791 0.02856815 0.02844166 0.02865787 0.02835776 0.02824923 0.02677852 0.02713478 0.02778548 0.02675242 0.02473482 0.02340027 0.02371902 0.02087468 0.01901317 0.0173073 0.01610806 0.01545964 0.01423189 0.01322533 0.01434665 0.01738183 0.01910986 0.02248661 0.02437076 -9999 -9999 0.02944685 0.02984656 0.03000085 0.02950940 0.02848107 0.02936752 0.02890297 0.02953522 0.03001373 0.02746022 0.02489013 0.02393784 0.02399887 0.0183217 0.01349829 -9999 -9999 -9999 -9999 -9999 -9999 -9999 -9999 -9999 -9999 -9999
0.02065053 0.02291028 0.02434296 0.02625664 0.02651601 0.02889687 0.02984286 0.03089838 0.02921250 0.02827086 0.02791882 0.02621221 0.02656585 0.02867285 0.03018394 0.0287668 0.02767695 0.02727132 0.02754341 0.02714397 0.02793527 0.02727357 0.02665356 0.02529391 0.02615480 0.0267722 0.02668635 0.02476991 0.02345277 0.02264044 0.02119473 0.01940693 0.01715026 0.01479693 0.01372215 0.01261740 0.01306807 0.01556497 0.01810718 0.02086409 -9999 -9999 0.02536275 0.02725735 0.02857609 0.02814664 0.02750649 0.02802121 0.02849577 0.028975 0.02870505 0.02885819 0.02866407 0.02792175 0.02492061 0.02385222 -9999 -9999 -9999 -9999 -9999 -9999 -9999 -9999 -9999 -9999 -9999 -9999 -9999 -9999
0.02099231 0.02216220 0.02427111 0.02585308 0.02684051 0.02812494 0.02945601 0.02941538 0.02714450 0.02473803 0.02455425 0.02471266 0.02686056 0.02958465 0.03030123 0.02888725 0.02773962 0.02643658 0.02661675 0.02535792 0.02543400 0.02536459 0.02537919 0.02723617 0.02882013 0.02882645 0.0287026 0.02694687 0.02515523 0.02363709 0.02177437 0.02020328 0.01799690 0.01424373 0.01281532 0.01327255 0.01424382 0.01618272 0.01811831 -9999 -9999 -9999 0.02589008 0.02687708 0.02749796 0.02648115 -9999 -9999 -9999 -9999 0.02839570 0.02843094 0.02844812 0.02757896 0.02549328 0.02365437 -9999 -9999 -9999 -9999 -9999 -9999 -9999 -9999 -9999 -9999 -9999 -9999 -9999 -9999
0.02049158 0.02254813 0.02391261 0.02505474 0.02631644 0.02824985 0.02941591 0.0274337 0.02552506 0.0236354 0.02272003 0.02482872 0.02632586 0.02909393 0.02952532 0.02892829 0.02733885 0.02637053 0.02556322 0.02544159 0.0246658 0.02401822 0.02428313 0.02646929 0.02876398 0.02895483 0.03034810 0.02851168 0.02765379 0.02580618 0.02369004 0.02103562 0.01795656 0.01532196 0.01278218 0.01275916 -9999 -9999 -9999 -9999 -9999 -9999 0.02651751 0.02791023 -9999 -9999 -9999 -9999 -9999 -9999 0.02787776 0.02770675 0.02800725 0.02765754 0.02632510 0.02492085 0.01917304 -9999 -9999 -9999 -9999 -9999 -9999 -9999 -9999 -9999 -9999 -9999 -9999 -9999
0.01985640 0.02219104 0.02302749 0.02122092 0.02344606 0.02777932 0.02805122 0.02683018 0.02548977 0.02417336 0.02375889 0.02263148 0.02524895 0.02705048 0.02635189 0.02581298 0.02617092 0.02497629 0.0243629 0.02407734 0.02400648 0.02342911 0.0241479 0.02467041 0.02668893 0.02768011 0.02887569 0.02960604 0.02896963 0.02845931 0.0265833 0.02238573 0.01894798 0.01506404 0.01290274 0.01343103 0.01451909 0.01586423 -9999 -9999 -9999 -9999 -9999 -9999 -9999 -9999 -9999 -9999 -9999 0.02592367 0.02642139 0.02725814 0.02777400 0.02748135 0.02856048 0.02511281 0.01893600 0.01262238 -9999 -9999 -9999 -9999 -9999 -9999 -9999 -9999 -9999 -9999 -9999 -9999
0.01992578 0.02145502 0.02203825 0.02033893 0.02254250 0.02704541 0.02670777 0.0254427 0.02442268 0.02300706 0.0231664 0.02258371 0.02399717 0.02680897 0.02700461 0.02345822 0.02345196 0.0234902 0.02374023 0.0229971 0.02304337 0.02298325 0.02288532 0.02417112 0.02468034 0.02509456 0.02575615 0.026865 0.02673146 0.02673720 0.02598412 0.02169268 0.01946782 0.01588737 0.01368886 0.01443138 0.01496171 0.01671271 -9999 -9999 0.02381164 0.02709295 0.02597776 -9999 -9999 -9999 -9999 -9999 -9999 -9999 0.02577687 0.02662202 0.02708817 0.02732703 0.02919861 0.0253532 0.01912667 0.01223871 0.006734484 -9999 -9999 -9999 -9999 -9999 -9999 -9999 -9999 -9999 -9999 -9999
