map_trend_change_rate_cru50k_tmean_14_1951_2002.asc
ncols         720
nrows         285
xllcorner     -180
yllcorner     -58.5
cellsize      0.5
NODATA_value  -9999
[rows 0 to 30 of 285, columns 280 to 349 of 720]
-9999 -9999 -9999 -9999 0.006161172 -9999 0.00600297 0.00600297 0.006346529 0.006825377 0.006611726 0.006370906 0.006495572 0.006294686 0.006513696 0.00601991 0.006334472 0.006482072 0.006461908 0.006228859 0.006242728 0.006250095 0.006130435 -9999 -9999 -9999 -9999 -9999 -9999 -9999 -9999 -9999 -9999 -9999 -9999 -9999 -9999 -9999 -9999 -9999 -9999 -9999 -9999 -9999 -9999 -9999 -9999 -9999 -9999 -9999 -9999 -9999 -9999 -9999 -9999 -9999 -9999 -9999 -9999 -9999 -9999 -9999 -9999 -9999 -9999 -9999 -9999 -9999 -9999 -9999
0.007506968 0.007585303 0.007190225 0.00700525 0.007285292 0.007007227 0.00726894 0.007043683 0.007088402 0.007329782 0.007121241 0.00703455 0.007029168 0.006992466 0.007067755 0.00707421 0.006996224 0.007397943 0.006759454 0.00699534 0.007013729 0.006817924 0.007041775 0.006807366 0.006701055 0.007230949 0.006713335 0.007163334 0.006714051 0.007149531 0.006977739 -9999 -9999 -9999 -9999 -9999 -9999 -9999 -9999 -9999 -9999 -9999 -9999 -9999 -9999 -9999 -9999 -9999 -9999 -9999 -9999 -9999 -9999 -9999 -9999 -9999 -9999 -9999 -9999 -9999 -9999 -9999 -9999 -9999 -9999 -9999 -9999 -9999 -9999 -9999
0.007850604 0.008227183 0.007693988 0.007788608 0.008399831 0.008084229 0.007943111 0.007781467 0.007732844 0.007516034 0.007608322 0.007784456 0.007557845 0.008020088 0.007694968 0.007577684 0.00811866 0.008132593 0.007942214 0.007722369 0.007769617 0.007537682 0.00746043 0.008110802 0.007625745 0.007372422 0.007415206 0.007501492 0.007386554 0.00769832 0.007186269 0.007087771 0.007998497 0.007899627 0.008267853 0.007786588 0.007850006 0.007687031 -9999 -9999 -9999 -9999 -9999 -9999 -9999 -9999 -9999 -9999 -9999 -9999 -9999 -9999 -9999 -9999 -9999 -9999 -9999 -9999 -9999 -9999 -9999 -9999 -9999 -9999 -9999 -9999 -9999 -9999 -9999 -9999
0.007877224 0.007839805 0.007861089 0.00788888 0.008275199 0.00839828 0.008172943 0.008094957 0.008037908 0.00835455 0.008919038 0.008223511 0.008362854 0.008319959 0.008804789 0.008384161 0.008223659 0.00849243 0.008519229 0.008024502 0.008561439 0.007948131 0.007794729 0.00830806 0.008593378 0.007914579 0.007551254 0.008435642 0.00828825 0.007993941 0.007523596 0.008242652 0.007787632 0.008137615 0.008022136 0.008203375 0.008192965 -9999 0.00859703 0.00823845 0.00800278 0.008416198 -9999 -9999 -9999 -9999 -9999 -9999 -9999 -9999 -9999 -9999 -9999 -9999 -9999 -9999 -9999 -9999 -9999 -9999 -9999 -9999 -9999 -9999 -9999 -9999 -9999 -9999 -9999 -9999
0.006517689 0.006069001 0.006449887 0.006746015 0.006815016 0.00656181 0.00691971 0.00740017 0.007239829 0.007283875 0.007705593 0.007582876 0.007137834 0.007440053 0.007229164 0.00776813 0.008110766 0.00754867 0.007830897 0.007579325 0.007686381 0.008277784 0.0084436 0.008059455 0.00816364 0.008119412 0.00838522 0.008178204 0.008825872 0.008739444 0.008029179 0.008538915 0.008384567 0.008186864 0.008092123 0.008201104 0.008877204 0.00882609 0.008400598 0.008718235 0.008965044 0.008940572 0.00885567 0.009010695 0.009033501 0.00918179 0.00904213 0.008443266 0.00834701 0.008685852 0.008678775 0.008624916 0.00836092 0.00854614 0.007926535 0.008316794 -9999 -9999 -9999 -9999 -9999 -9999 -9999 -9999 -9999 -9999 -9999 -9999 -9999 -9999
0.008035142 0.007753153 0.007461803 0.00746743 0.007258345 0.007384762 0.007615392 0.00701672 0.007508661 0.007927205 0.007168329 0.00726836 0.007352861 0.00726475 0.006892071 0.007229304 0.007448369 0.007708866 0.007600808 0.007938644 0.007714823 0.007601633 0.00710032 0.007265886 0.007432662 0.007119891 0.007995264 0.007376968 0.007207115 0.008513788 0.008097618 0.007665174 0.007593744 0.00823078 0.007786255 0.008325087 0.008198012 0.008625969 0.008996968 0.009160661 0.00932225 0.009074334 0.009261268 0.008880883 0.009444025 0.009399027 0.009418201 0.009574336 0.009326808 0.009271627 0.009594304 0.008795246 0.008653817 0.008582375 0.008404988 0.008582505 -9999 -9999 -9999 -9999 -9999 -9999 -9999 -9999 -9999 -9999 -9999 -9999 -9999 -9999
0.009478387 0.009219446 0.009517594 0.01001537 0.009868604 0.009991701 0.01041109 0.01052114 0.01043443 0.01031459 0.009715794 0.009918087 0.01015624 0.009994215 0.009640963 0.01000531 0.01040927 0.01028810 0.01028129 0.01000807 0.01041277 0.01030248 0.009610124 0.01001943 0.009725681 0.009609214 0.01020803 0.01038895 0.009593206 0.01034909 0.01031601 0.01045631 0.00998522 0.01016773 0.01042677 0.01021282 0.01067636 0.01102858 0.01057178 0.01055670 0.01076805 0.01121185 0.01110671 0.01148428 0.01169527 0.01107553 0.01165922 0.01130670 0.01185627 0.01075969 0.01120776 -9999 -9999 -9999 -9999 -9999 -9999 -9999 -9999 -9999 -9999 -9999 -9999 -9999 -9999 -9999 -9999 -9999 -9999 -9999
0.008589677 0.008753983 0.00920547 0.008994686 0.009251073 0.009645153 0.00959924 0.009820963 0.01004931 0.009831223 0.01044516 0.01035339 0.01087379 0.01114323 0.01107722 0.01133296 0.01176622 0.01179727 0.01193576 0.01199975 0.01259253 0.01240031 0.01260795 0.01273803 0.01270446 0.01288174 0.0132234 0.01284923 0.01287854 0.01298068 0.01250954 0.01295199 0.01306062 0.01289168 0.01271178 0.0129533 0.01283992 0.01404961 0.01355646 0.01332032 0.01376966 0.01404385 0.01402106 0.01356049 0.01430225 0.01379303 0.01399796 0.01390933 -9999 -9999 -9999 -9999 -9999 -9999 -9999 -9999 -9999 -9999 -9999 -9999 -9999 -9999 -9999 -9999 -9999 -9999 -9999 -9999 -9999 -9999
0.007556382 0.007815693 0.008714497 0.008487894 0.008671005 0.009194766 0.008954442 0.008914816 0.009577983 0.009479564 0.009854983 0.009536494 0.01033671 0.009693757 0.01058908 0.01064230 0.01023378 0.01047056 0.01154847 0.01074372 0.01145873 0.01198268 0.01172380 0.01199972 0.01205973 0.01257767 0.01273610 0.01281459 0.01312582 0.01322688 0.01344294 0.01421729 0.0140621 0.01468052 0.01419898 0.01504937 0.01510461 0.01495552 0.01589112 0.01590077 0.01583748 0.01640331 0.01682738 0.01693994 0.01660093 -9999 -9999 -9999 -9999 -9999 -9999 -9999 -9999 -9999 -9999 -9999 -9999 -9999 -9999 -9999 -9999 -9999 -9999 -9999 -9999 -9999 -9999 -9999 -9999 -9999
0.007492966 0.006863734 0.007356804 0.007564534 0.007822862 0.008179957 0.008013368 0.007908189 0.008766193 0.0088672 0.008927814 0.008888386 0.009120441 0.009570209 0.01015971 0.009648784 0.009918456 0.01049749 0.0100143 0.01036376 0.01067046 0.01136032 0.01111131 0.01142840 0.0116155 0.0115195 0.01162950 0.01242542 0.01258661 0.01243758 0.01288264 0.01334602 0.01266042 0.01355198 0.01389160 0.01408608 0.01473556 0.01463416 0.01457974 0.01434130 0.01501007 0.01511784 -9999 0.01617153 0.01609420 -9999 -9999 -9999 -9999 -9999 -9999 -9999 -9999 -9999 -9999 -9999 -9999 -9999 -9999 -9999 -9999 -9999 -9999 -9999 -9999 -9999 -9999 -9999 -9999 -9999
0.006488298 0.006602183 0.006665067 0.007031632 0.007067267 0.007231397 0.006977286 0.007249442 0.00756783 0.008116391 0.007788508 0.008664567 0.008871101 0.008821201 0.00912336 0.009398396 0.009178804 0.009296573 0.009507225 0.00996581 0.009811016 0.01072866 0.01045212 0.01084076 0.01007875 0.01112248 0.01077332 0.01186913 0.01132189 0.01170843 0.01223626 0.01198181 0.01171023 0.01252214 0.01311584 0.01307180 0.0132512 0.01366452 0.01294853 0.01382494 0.01410488 0.01450528 0.01529063 0.01574177 -9999 -9999 -9999 -9999 -9999 -9999 -9999 -9999 -9999 -9999 -9999 -9999 -9999 -9999 -9999 -9999 -9999 -9999 -9999 -9999 -9999 -9999 -9999 -9999 -9999 -9999
0.006568204 0.006427525 0.00659682 0.006265533 0.006840317 0.006851738 0.007355572 0.007145506 0.006765816 0.007683128 0.007174228 0.007722393 0.007847561 0.008181704 0.008043802 0.00842385 0.008282928 0.008537775 0.008667306 0.00948937 0.009507504 0.009567963 0.00937529 0.009501051 0.01023043 0.01011338 0.01067013 0.01039658 0.01036217 0.01006957 0.01104633 0.01094629 0.01153385 0.01191009 0.01211673 0.01247530 0.01264705 0.0126278 0.01250999 0.01276531 0.01327908 0.01393146 -9999 -9999 -9999 -9999 -9999 -9999 -9999 -9999 -9999 -9999 -9999 -9999 -9999 -9999 -9999 -9999 -9999 -9999 -9999 -9999 -9999 -9999 -9999 -9999 -9999 -9999 -9999 -9999
0.005407054 0.006050183 0.006288684 0.006296594 0.006149731 0.006586009 0.007169335 0.006697504 0.006841167 0.00714041 0.007307193 0.007327007 0.007317928 0.007468358 0.007506698 0.007535425 0.008096056 0.007935454 0.008114825 0.008926615 0.009169085 0.008933098 0.009361594 0.009107678 0.009279139 0.009147883 0.009721224 0.01029643 0.01012172 0.01013508 0.01024990 0.01088512 0.01002386 0.01080027 0.0105595 0.01110356 0.01117626 0.01096153 0.01172536 0.01186319 0.01295577 0.01339794 -9999 0.01422996 0.01485273 -9999 -9999 -9999 -9999 -9999 -9999 -9999 -9999 -9999 -9999 -9999 -9999 -9999 -9999 -9999 -9999 -9999 -9999 -9999 -9999 -9999 -9999 -9999 -9999 -9999
0.005949861 0.005926966 0.005393926 0.005706099 0.005858507 0.006071536 0.005910685 0.006161461 0.006571576 0.006681493 0.006788303 0.006595919 0.006753218 0.007010828 0.007449345 0.007474548 0.00752412 0.007363249 0.007900858 0.008357049 0.008001523 0.008567832 0.008337224 0.008246405 0.00835542 0.009157592 0.009164264 0.008848736 0.009230214 0.009309294 0.009466384 0.009200775 0.009487565 0.009711062 0.01005257 0.00983621 0.01041895 0.01093247 0.01107262 0.01168001 0.01199891 0.01290394 0.01350196 0.01455011 -9999 -9999 -9999 -9999 -9999 -9999 -9999 -9999 -9999 -9999 -9999 -9999 -9999 -9999 -9999 -9999 -9999 -9999 -9999 -9999 -9999 -9999 -9999 -9999 -9999 -9999
0.005676152 0.005881855 0.005467987 0.005862007 0.005660759 0.005729487 0.006412069 0.005925094 0.006329671 0.006178156 0.00642196 0.006223089 0.006718453 0.006628745 0.007380267 0.006797035 0.006889104 0.007620353 0.007706883 0.00736514 0.007359179 0.007678558 0.008209083 0.008392672 0.00818925 0.008141972 0.008667702 0.008739959 0.00873319 0.00831113 0.00879895 0.008651937 0.009027099 0.008668667 0.009261804 0.009238905 0.009475348 0.00981324 0.01054142 0.01060983 0.01195622 0.01257703 0.01323058 0.01383444 -9999 -9999 -9999 -9999 -9999 -9999 -9999 -9999 -9999 -9999 -9999 -9999 -9999 -9999 -9999 -9999 -9999 -9999 -9999 -9999 -9999 -9999 -9999 -9999 -9999 -9999
0.005597285 0.004713567 0.005788299 0.005870366 0.005599296 0.005343682 0.005429772 0.005639902 0.00639957 0.006119118 0.006537251 0.006192912 0.006460687 0.006965056 0.00696055 0.00683724 0.007264514 0.007410153 0.007374695 0.0074558 0.008213874 0.008296118 0.00815392 0.008062484 0.007914069 0.007719621 0.00762036 0.007569799 0.007461617 0.008102978 0.008047688 0.008216498 0.007850804 0.00902816 0.007971383 0.00870553 0.008684217 0.009928357 0.009830669 0.01099533 0.01191478 0.01207839 0.01269634 -9999 -9999 -9999 -9999 -9999 -9999 -9999 -9999 -9999 -9999 -9999 -9999 -9999 -9999 -9999 -9999 -9999 -9999 -9999 -9999 -9999 -9999 -9999 -9999 -9999 -9999 -9999
0.004849367 0.004955236 0.005314633 0.005561981 0.00549529 0.005356 0.00567948 0.005550477 0.006018889 0.006158405 0.00614667 0.00593369 0.006575575 0.00643275 0.007020247 0.006817961 0.00720372 0.007193348 0.0074562 0.007162473 0.006790655 0.006969649 0.006732592 0.007339618 0.007700007 0.007308367 0.007207315 0.006948501 0.007609547 0.007058246 0.007215054 0.007492876 0.008119467 0.007648671 0.008708418 0.009089148 0.009392709 0.009386728 0.01072781 0.01119774 0.01119311 -9999 -9999 -9999 -9999 -9999 -9999 -9999 -9999 -9999 -9999 -9999 -9999 -9999 -9999 -9999 -9999 -9999 -9999 -9999 -9999 -9999 -9999 -9999 -9999 -9999 -9999 -9999 -9999 -9999
0.004638556 0.005005316 0.005150645 0.005071158 0.00481736 0.005863025 0.005738688 0.006381595 0.006151823 0.006296079 0.005658458 0.00591012 0.006559079 0.006174731 0.007034646 0.006062175 0.006219777 0.006775342 0.006801746 0.006922426 0.006053572 0.006203286 0.005995183 0.006514833 0.006922829 0.006663368 0.006487198 0.00689459 0.006871755 0.006571056 0.007119728 0.007603247 0.006709989 0.00767841 0.008542248 0.008334454 0.008445073 0.009409708 0.01012054 0.01113942 0.01184891 0.01185414 0.01400707 0.01461706 0.01192304 -9999 -9999 -9999 -9999 -9999 -9999 -9999 -9999 -9999 -9999 -9999 -9999 -9999 -9999 -9999 -9999 -9999 -9999 -9999 -9999 -9999 -9999 -9999 -9999 -9999
0.004623199 0.003775974 0.004584086 0.004555533 0.005163665 0.005180904 0.005065002 0.005680256 0.00577728 0.005941723 0.005805804 0.006168434 0.006288651 0.0055227 0.005646497 0.006515779 0.005776855 0.006062027 0.005837843 0.005623506 0.005650994 0.00599157 0.005756772 0.005949578 0.006312102 0.006200863 0.00654111 0.00677489 0.006451629 0.006372393 0.006596398 0.006872824 0.006968039 0.007657573 0.008035353 0.00861993 0.00953666 0.01016055 0.01053161 0.01131953 0.01273772 0.01493320 0.01728510 0.01454912 -9999 -9999 -9999 -9999 -9999 -9999 -9999 -9999 -9999 -9999 -9999 -9999 -9999 -9999 -9999 -9999 -9999 -9999 -9999 -9999 -9999 -9999 -9999 -9999 -9999 -9999
0.004504164 0.00381751 0.004093262 0.005037246 0.004735523 0.00466736 0.004918521 0.005327014 0.004929313 0.005381338 0.005336337 0.004840943 0.005112085 0.005797785 0.00574116 0.005433204 0.005401321 0.005173603 0.005287068 0.004555102 0.00537629 0.005153672 0.005837087 0.005158386 0.005842682 0.00598354 0.006147748 0.005923097 0.006034565 0.006352434 0.006513683 0.007063354 0.00762385 0.007649126 0.008538315 0.008760426 0.0100595 0.009707036 0.01121407 0.01292545 0.01516843 0.01828888 -9999 -9999 -9999 -9999 -9999 -9999 -9999 -9999 -9999 -9999 -9999 -9999 -9999 -9999 -9999 -9999 -9999 -9999 -9999 -9999 -9999 -9999 -9999 -9999 -9999 -9999 -9999 -9999
0.004323468 0.003896029 0.004674071 0.004830908 0.004767307 0.004913676 0.004464329 0.004690976 0.004660938 0.004639279 0.004528818 0.00472872 0.005012376 0.004146958 0.004721308 0.004559421 0.004736265 0.004449587 0.004570697 0.00460567 0.005044054 0.004910803 0.005089901 0.005848529 0.005742516 0.005601586 0.005460444 0.005450237 0.005904028 0.006287055 0.007013819 0.007052839 0.00759025 0.007849283 0.008020766 0.008865873 0.009566477 0.01225161 0.01394901 0.01556128 -9999 -9999 -9999 -9999 -9999 -9999 -9999 -9999 -9999 -9999 -9999 -9999 -9999 -9999 -9999 -9999 -9999 -9999 -9999 -9999 -9999 -9999 -9999 -9999 -9999 -9999 -9999 -9999 -9999 -9999
0.004131978 0.004295983 0.004295906 0.004170683 0.004074627 0.003941305 0.004097562 0.004407939 0.003656081 0.003509109 0.004500297 0.00409386 0.003959716 0.003752739 0.004588177 0.003458714 0.00366588 0.003764104 0.004526441 0.004226357 0.00459136 0.004507607 0.004526612 0.004729577 0.005385667 0.004860686 0.005008489 0.005737482 0.006190379 0.006124825 0.006954597 0.007349303 0.007076915 0.008043935 0.008613279 0.01038468 0.01237512 0.0145596 0.01697481 -9999 -9999 -9999 -9999 -9999 -9999 -9999 -9999 -9999 -9999 -9999 -9999 -9999 -9999 -9999 -9999 -9999 -9999 -9999 -9999 -9999 -9999 -9999 -9999 -9999 -9999 -9999 -9999 -9999 -9999 -9999
0.003326279 0.003562869 0.003442888 0.003410002 0.003188998 0.003270237 0.002998534 0.003777758 0.003944603 0.003118848 0.003205991 0.003136742 0.002681911 0.004160711 0.00348941 0.003569806 0.003577544 0.003898011 0.004479147 0.004127975 0.00419283 0.004151409 0.004332698 0.004291113 0.00464598 0.005335779 0.00484183 0.005490029 0.006020415 0.006529721 0.00739749 0.007221327 0.008374018 0.009591358 0.01145972 0.01300655 -9999 -9999 -9999 -9999 -9999 -9999 -9999 -9999 -9999 -9999 -9999 -9999 -9999 -9999 -9999 -9999 -9999 -9999 -9999 -9999 -9999 -9999 -9999 -9999 -9999 -9999 -9999 -9999 -9999 -9999 -9999 -9999 -9999 -9999
0.00255316 0.002897517 0.00280374 0.002987182 0.003169584 0.002814073 0.002849214 0.002260697 0.002589083 0.002535422 0.002547205 0.002851783 0.002851776 0.002969156 0.003355018 0.002930397 0.003384189 0.003642217 0.003176500 0.003578193 0.003833907 0.003870475 0.004379548 0.004667908 0.004327909 0.004799737 0.005538975 0.005909219 0.005811007 0.006738053 0.006919774 0.008160024 0.009972037 0.01216182 0.01385513 0.01641764 -9999 -9999 -9999 -9999 -9999 -9999 -9999 -9999 -9999 -9999 -9999 -9999 -9999 -9999 -9999 -9999 -9999 -9999 -9999 -9999 -9999 -9999 -9999 -9999 -9999 -9999 -9999 -9999 -9999 -9999 -9999 -9999 -9999 -9999
0.002534865 0.002330337 0.002188208 0.001894154 0.002080536 0.002018361 0.00236922 0.001803326 0.001790223 0.002779172 0.002273352 0.002308051 0.002558005 0.002348125 0.002350982 0.002872987 0.003090568 0.003211675 0.003146639 0.003331070 0.003783395 0.004121040 0.004057729 0.004002055 0.004350575 0.00471645 0.005350096 0.006311903 0.005867873 0.007414031 0.009184448 0.01138031 0.01326580 0.01481024 0.01640819 0.01959308 0.02085848 -9999 -9999 -9999 -9999 -9999 -9999 -9999 -9999 -9999 -9999 -9999 -9999 -9999 -9999 -9999 -9999 -9999 -9999 -9999 -9999 -9999 -9999 -9999 -9999 -9999 -9999 -9999 -9999 -9999 -9999 -9999 -9999 -9999
0.001216590 0.001228607 0.001825823 0.001263428 0.001030511 0.0007288133 0.001392237 0.001182260 0.001531097 0.001514712 0.002226533 0.001811196 0.002252201 0.001947833 0.002599901 0.002659916 0.002672285 0.002666047 0.002976716 0.002970021 0.002859012 0.003608986 0.003902265 0.004034009 0.004925493 0.004805508 0.005228074 0.00583523 0.007715594 0.009483128 0.01111476 0.01360723 0.01600888 0.01782661 0.01923822 0.02129700 0.02397248 -9999 -9999 -9999 -9999 -9999 -9999 -9999 -9999 -9999 -9999 -9999 -9999 -9999 -9999 -9999 -9999 -9999 -9999 -9999 -9999 -9999 -9999 -9999 -9999 -9999 -9999 0.01596069 -9999 -9999 -9999 -9999 -9999 -9999
0.0005285263 0.0002830489 0.0008358258 0.000625381 0.0009360315 0.000865645 0.0006771229 0.0007250176 0.000851909 0.001498971 0.001268378 0.001158890 0.001598296 0.001777217 0.002443134 0.002140777 0.001952863 0.002471681 0.002449576 0.002586112 0.00307708 0.00293643 0.004268489 0.003882679 0.00459938 0.004762215 0.005587154 0.008330741 0.01046102 0.01247019 -9999 0.01670345 0.01819662 0.02020678 0.02219173 0.02455065 0.02726322 -9999 -9999 -9999 -9999 -9999 -9999 -9999 -9999 -9999 -9999 -9999 -9999 -9999 -9999 -9999 -9999 -9999 -9999 -9999 -9999 -9999 -9999 -9999 -9999 -9999 0.01581915 0.01544027 -9999 -9999 -9999 -9999 -9999 -9999
0.0002926648 0.0004756438 0.0003378036 0.000398254 0.0006403606 0.0002055533 0.0007728289 0.0006547144 0.001102052 0.0007021665 0.001192423 0.001324295 0.001312922 0.002340020 0.001578959 0.001515770 0.002420484 0.001999042 0.002510584 0.002235121 0.003185649 0.003745137 0.003929947 0.004239006 0.005273614 0.006869522 0.009648563 0.01134491 0.01341548 0.01518783 0.01703869 0.01931080 0.02114244 0.02309445 0.02553730 0.02781517 0.03045130 -9999 -9999 -9999 -9999 -9999 -9999 -9999 -9999 -9999 -9999 -9999 -9999 -9999 -9999 -9999 -9999 -9999 -9999 -9999 -9999 -9999 -9999 -9999 -9999 -9999 -9999 -9999 -9999 -9999 -9999 -9999 -9999 -9999
0.0003426297 -0.0001607253 -0.0001506836 -0.0001288291 3.873215e-05 0.0005955244 -2.962916e-05 0.0006328805 0.00014932 0.0006682778 0.001068289 0.001081011 0.001488192 0.001092886 0.000884626 0.001173994 0.001843387 0.001386744 0.001620782 0.002635805 0.002663951 0.003567238 0.004081006 0.005467754 0.007852675 0.009822146 0.01145981 0.01328097 0.01556388 0.01806677 0.01996163 0.02215934 0.02451919 0.02655469 0.02869117 0.03002711 -9999 -9999 -9999 -9999 -9999 -9999 -9999 -9999 -9999 -9999 -9999 -9999 -9999 -9999 -9999 -9999 -9999 -9999 -9999 -9999 -9999 -9999 -9999 -9999 -9999 -9999 -9999 -9999 -9999 -9999 -9999 -9999 -9999 -9999
0.0001710257 -0.0006074771 -0.0002578267 -0.0003803098 -0.0002824019 -0.0001522426 -0.0003640894 -0.0003994805 -0.0004961648 0.0003983964 0.0003230657 -2.644042e-05 -8.77353e-05 0.0007426389 0.001007397 0.001013023 0.001202479 0.001344820 0.002341306 0.002219984 0.00325179 0.004804232 0.006772502 0.008107327 0.01035376 0.01217581 0.0145385 0.01610048 0.01896690 0.02045769 0.02236545 0.02506085 -9999 -9999 -9999 -9999 -9999 -9999 -9999 -9999 -9999 -9999 -9999 -9999 -9999 -9999 -9999 -9999 -9999 -9999 -9999 -9999 -9999 -9999 -9999 -9999 -9999 -9999 -9999 -9999 -9999 -9999 -9999 -9999 -9999 -9999 -9999 -9999 -9999 -9999
-0.00032936 -5.424148e-05 -0.0002105086 -0.0003791563 -0.0002631815 -0.0004587628 3.297451e-05 -0.0002836354 6.481899e-06 -0.0003723205 -8.23379e-05 3.24103e-05 0.0003309899 -0.0001845111 0.0002534970 0.0001001222 0.001031504 0.000784944 0.001391301 0.00297131 0.004798999 0.007053057 0.008303115 0.01011082 0.01201256 0.01500063 0.01608585 0.01887797 0.02122419 -9999 -9999 -9999 -9999 -9999 -9999 -9999 -9999 -9999 -9999 -9999 -9999 -9999 -9999 -9999 -9999 -9999 -9999 -9999 -9999 -9999 -9999 -9999 -9999 -9999 -9999 -9999 -9999 -9999 -9999 -9999 -9999 -9999 -9999 -9999 -9999 -9999 -9999 -9999 -9999 -9999
