map_trend_change_rate_cru50k_tmean_14_1951_2002.asc
ncols         720
nrows         285
xllcorner     -180
yllcorner     -58.5
cellsize      0.5
NODATA_value  -9999
[rows 155 to 185 of 285, columns 350 to 419 of 720]
0.002672999 0.002600044 0.002609979 0.005261115 0.00793099 0.009819241 0.009837744 0.006642475 0.006329333 0.006119657 0.006951585 0.007313074 0.005166669 0.002171736 0.001884113 0.001962242 0.002088406 0.002950522 0.003966106 0.00504871 0.00560615 0.006707757 0.007377114 0.008022366 0.008261888 0.008155634 0.006475634 0.006102973 0.006002171 0.004429439 0.004096860 0.003719635 0.002469369 0.000897517 -0.0009516282 -0.002108025 -0.004920587 -0.008795506 -0.008499134 -0.008543869 -0.00924926 -0.009829795 -0.009892321 -0.009409059 -0.0128233 -0.01042454 -0.01036450 -0.00986059 -0.008352471 -0.00727887 -0.007363424 -0.01060772 -0.005786753 -0.00314617 -0.0003253252 0.001545463 0.004470295 0.006428821 0.008124403 0.009695886 0.01218331 0.01544357 0.01860521 0.02158386 0.02425031 0.02713067 0.03001583 0.033311 0.03381846 0.03455114
0.003916997 0.004351355 0.004838645 0.007635252 0.01034468 0.01205193 0.01155688 0.008226449 0.009028309 0.009760662 0.01032663 0.01030240 -9999 -9999 -9999 -9999 -9999 -9999 -9999 0.004605625 0.00553353 0.006132069 0.007101188 0.007446071 0.008547745 0.007432387 0.005790088 0.005348932 0.004545148 0.004745489 0.004325642 0.003138430 0.003011161 0.001721679 -0.0006583007 -0.001423758 -0.004792225 -0.005988935 -0.01016138 -0.01083711 -0.01081935 -0.01144121 -0.01184137 -0.01182010 -0.01195316 -0.01376402 -0.01136737 -0.01080995 -0.00965142 -0.009065948 -0.01095858 -0.01162309 -0.007066607 -0.004827524 -0.002212535 0.0004610482 0.002504315 0.004702040 0.00572774 0.007862163 0.00872096 0.01172113 0.01506628 0.01734296 0.02022785 0.02363111 0.02685319 0.02946934 0.03277981 0.03340509
0.005992368 0.007371638 0.009228256 0.01002609 0.01208874 0.01124129 0.008853752 0.00689588 0.007787828 0.01296003 -9999 -9999 -9999 -9999 -9999 -9999 -9999 -9999 -9999 -9999 0.005789838 0.005951866 0.006362508 0.007795416 0.008338954 0.007413667 0.006462416 0.004194216 0.004648115 0.00481278 0.003587621 0.002462148 0.002483838 0.001451378 0.0005978707 -0.0008359497 -0.003701049 -0.005595792 -0.008512978 -0.01300636 -0.01302772 -0.01316772 -0.01317257 -0.01317749 -0.01352052 -0.01287922 -0.0158053 -0.01234962 -0.01086210 -0.01010180 -0.01056435 -0.01251582 -0.008455106 -0.005610511 -0.002630345 -0.0008314306 0.0009383888 0.002297640 0.004311532 0.005498241 0.006263815 0.007724098 0.01156459 0.01477529 0.01732429 0.02082208 0.02349517 0.0270296 0.03003328 0.03256634
-9999 -9999 -9999 -9999 0.01300068 0.01226479 0.009989722 -9999 -9999 -9999 -9999 -9999 -9999 -9999 -9999 -9999 -9999 -9999 -9999 -9999 0.007122123 0.006643589 0.007360908 0.00770513 0.00771689 0.007053332 0.005667248 0.004705707 0.004848685 0.004298964 0.003591051 0.003668306 0.002127272 0.001260496 0.001078671 -0.0003420893 -0.003962536 -0.005021 -0.006186825 -0.01042586 -0.01230593 -0.01333582 -0.01324479 -0.01311016 -0.01440799 -0.01411921 -0.01380796 -0.0166251 -0.01256787 -0.01074921 -0.01036783 -0.009618375 -0.009520168 -0.006084518 -0.00310423 -0.002598916 -0.000516924 0.001307744 0.001738009 0.003314715 0.004305207 0.005623342 0.007880243 0.01237737 0.01494736 0.01749482 0.02028348 0.02354439 0.02640177 0.02971382
-9999 -9999 -9999 -9999 -9999 -9999 -9999 -9999 -9999 -9999 -9999 -9999 -9999 -9999 -9999 -9999 -9999 -9999 -9999 -9999 -9999 0.00971479 0.008721885 0.008061566 0.007892601 -9999 -9999 0.004600988 0.004241713 0.003773001 0.003050696 0.002098459 0.001507268 -0.0005245638 -0.0003215680 -0.0006361192 -0.002756458 -0.004044908 -0.004979008 -0.007767339 -0.01010407 -0.01141818 -0.01179323 -0.01308487 -0.01449019 -0.01467232 -0.01529371 -0.01400397 -0.01290597 -0.01458393 -0.00907613 -0.008524011 -0.007762088 -0.006447445 -0.003903050 -0.003946701 -0.002298526 2.075957e-05 0.000643643 0.002647607 0.003888079 0.005011415 0.006714338 0.01026372 0.01293273 0.01589436 0.01786955 0.02043693 0.02399646 0.02614231
-9999 -9999 -9999 -9999 -9999 -9999 -9999 -9999 -9999 -9999 -9999 -9999 -9999 -9999 -9999 -9999 -9999 -9999 -9999 -9999 -9999 -9999 -9999 -9999 -9999 -9999 -9999 0.005485748 0.003225758 0.003274887 0.002077129 0.0005589632 -0.001562507 -0.0008181834 -0.001368524 -0.0007412914 -0.003220591 -0.003990766 -0.004684917 -0.006240509 -0.008466134 -0.009063526 -0.01071372 -0.01129131 -0.01379097 -0.01406229 -0.01394096 -0.01295161 -0.01107120 -0.01004576 -0.01213013 -0.01045983 -0.005983119 -0.005011623 -0.004203570 -0.003040304 -0.001329969 -4.010294e-05 0.001082878 0.002278986 0.003726206 0.005257939 0.005669723 0.009348153 0.01120483 0.01374833 0.01655113 0.01937005 0.02185488 0.02396045
-9999 -9999 -9999 -9999 -9999 -9999 -9999 -9999 -9999 -9999 -9999 -9999 -9999 -9999 -9999 -9999 -9999 -9999 -9999 -9999 -9999 -9999 -9999 -9999 -9999 -9999 0.00991346 0.008325901 -9999 0.004112449 0.001969137 -0.0006131802 -0.001483692 -0.001490927 4.116225e-05 -0.0001066560 -0.001342637 -0.002916304 -0.003795989 -0.00439831 -0.006194479 -0.006571766 -0.008332321 -0.00881084 -0.01005672 -0.01121774 -0.01121664 -0.01086681 -0.009135104 -0.007876193 -0.007133364 -0.008598347 -0.008956995 -0.008378716 -0.008917972 -0.002163237 -0.0005158494 0.0002225881 0.001249303 0.002997780 0.004086518 0.005333529 0.005912278 0.007049251 0.01041320 0.01301073 0.01545427 0.01749076 0.02003888 0.02373232
-9999 -9999 -9999 -9999 -9999 -9999 -9999 -9999 -9999 -9999 -9999 -9999 -9999 -9999 -9999 -9999 -9999 -9999 -9999 -9999 -9999 -9999 -9999 -9999 -9999 -9999 -9999 -9999 -9999 0.00711582 0.0024911 -0.0003107974 -0.001783217 -0.0008071467 0.0003625252 -0.0004395226 -0.0002973531 -0.001527059 -0.002809929 -0.003668805 -0.003916617 -0.003719713 -0.005027943 -0.00606202 -0.007399627 -0.008105382 -0.008346257 -0.00867896 -0.007658562 -0.006322417 -0.005100831 -0.008281054 -0.007523394 -0.007476188 -0.006991205 -0.006938111 -0.005520826 -0.004129563 0.0002961848 0.001362969 0.002491399 0.003645009 0.004562502 0.006025207 0.01102695 0.01279544 0.01490381 0.01651577 0.01944084 0.02238575
-9999 -9999 -9999 -9999 -9999 -9999 -9999 -9999 -9999 -9999 -9999 -9999 -9999 -9999 -9999 -9999 -9999 -9999 -9999 -9999 -9999 -9999 -9999 -9999 -9999 -9999 -9999 -9999 -9999 0.009104245 0.003509201 -4.244076e-05 2.905888e-05 -0.0001431082 0.001167143 -0.0001150512 0.0009750486 -0.0008690625 -0.002142714 -0.003174658 -0.003318505 -0.0017981 -0.001500083 -0.003417282 -0.004219179 -0.003794003 -0.005713564 -0.00662402 -0.005063083 -0.00800111 -0.006936841 -0.007690408 -0.006860591 -0.005570769 -0.005477771 -0.006001117 -0.003954778 -0.003154038 -0.002356179 -0.001149020 -0.0002879109 0.003867920 0.004873676 0.00981224 0.01030435 0.01250910 0.01438710 0.01623593 0.01900506 0.02187932
-9999 -9999 -9999 -9999 -9999 -9999 -9999 -9999 -9999 -9999 -9999 -9999 -9999 -9999 -9999 -9999 -9999 -9999 -9999 -9999 -9999 -9999 -9999 -9999 0.005544579 -9999 -9999 -9999 -9999 0.007881531 0.00317312 2.224966e-05 -0.0003466657 -3.422506e-05 -0.001731740 -0.000454652 0.0004362465 3.412308e-05 -0.0009510635 -0.002438414 -0.002731056 -0.001324085 -0.0001947431 0.0007044083 -0.001154561 -0.0009454267 -0.001796592 -0.003516088 -0.003133185 -0.005499093 -0.005150695 -0.005574708 -0.005021339 -0.0050094 -0.005143133 -0.00461922 -0.003129971 -0.002352344 -0.001843421 -0.0008858517 0.0002155376 0.001528049 0.00260066 0.007485235 0.008994074 0.01024153 0.01355047 0.01586640 0.01838882 0.02078982
-9999 -9999 -9999 -9999 -9999 -9999 -9999 -9999 -9999 -9999 -9999 -9999 -9999 -9999 -9999 -9999 -9999 -9999 -9999 -9999 -9999 -9999 -9999 -9999 -9999 -9999 -9999 -9999 0.009973102 0.005268848 0.002493907 0.0002818858 0.0005265274 0.0009175237 -0.001020557 -0.0001570747 7.846136e-05 0.0002860390 -0.0006862382 -0.002369647 -0.002884197 -0.0006658263 0.0009252797 0.002889769 0.002884976 0.002516384 0.001596868 0.0002700068 -0.0007585084 -0.003963531 -0.005592218 -0.0045313 -0.004407106 -0.004366835 -0.003442492 -0.002736681 -0.002901602 -0.001569063 -0.0007922601 -0.0004831007 0.000797957 0.001326097 0.001973693 0.007279342 0.009104998 0.01064134 0.01335024 0.01558041 0.01788880 0.01938993
-9999 -9999 -9999 -9999 -9999 -9999 -9999 -9999 -9999 -9999 -9999 -9999 -9999 -9999 -9999 -9999 -9999 -9999 -9999 -9999 -9999 -9999 -9999 -9999 -9999 -9999 -9999 -9999 0.007774029 0.00503232 0.001394009 0.001427411 0.001042233 -0.001004201 -2.483375e-05 7.72834e-05 0.0001736527 -0.0005778086 -0.0001778567 -0.001228799 -0.002245224 -0.0002046306 0.00143903 0.003482649 0.00587512 0.005914386 0.005183649 0.003288156 0.001462777 -0.002893485 -0.004274785 -0.004060595 -0.00329147 -0.002947360 -0.002502059 -0.002683998 -0.001355634 -0.001225210 -0.0004192782 0.0008434819 0.001490694 0.001802889 0.002965005 0.007636654 0.01004385 0.01042784 0.01171342 0.01502031 0.0170501 0.01910502
-9999 -9999 -9999 -9999 -9999 -9999 -9999 -9999 -9999 -9999 -9999 -9999 -9999 -9999 -9999 -9999 -9999 -9999 -9999 -9999 -9999 -9999 0.003946848 0.00360301 -9999 -9999 -9999 -9999 0.004292492 0.004049161 0.001291306 0.001839252 0.001211903 9.398271e-05 0.000462416 0.001083925 0.0007402816 -0.0001905693 -0.0007833822 -0.002292226 -0.001260623 0.0001832546 0.00243001 0.004547698 0.006466379 0.008837753 0.008443296 0.005971592 0.004410931 -0.001506646 -0.003159647 -0.002081496 -0.002728252 -0.002296044 -0.001939710 -0.001900566 -0.0009466565 -0.0003427697 0.0002160113 0.0006537873 0.001526996 0.002519458 0.006640741 0.007844738 0.009988622 0.01162401 0.01223827 0.01446002 0.01660934 0.01871338
-9999 -9999 -9999 -9999 -9999 -9999 -9999 -9999 -9999 -9999 -9999 -9999 -9999 -9999 -9999 -9999 -9999 -9999 -9999 -9999 -9999 -9999 -9999 -9999 -9999 -9999 -9999 -9999 0.001873519 0.002333521 0.002272502 0.003159935 0.0007238128 0.001122332 0.001116698 0.00126974 0.001616557 0.0002156971 -0.000471385 -0.0006893085 -0.0009599403 0.000761011 0.002895435 0.005838664 0.007483279 0.009440254 0.009864135 0.007760227 0.005566618 -0.0008882675 -0.002066916 -0.002498987 -0.001599615 -0.0006932497 -0.001073304 -0.001047239 -0.000367997 0.0002104416 0.000721672 0.000932861 0.001728292 0.002856373 0.007622328 0.008898196 0.01052582 0.01151248 0.01235139 0.01429083 0.01600191 0.01756051
-9999 -9999 -9999 -9999 -9999 -9999 -9999 -9999 -9999 -9999 -9999 -9999 -9999 -9999 -9999 -9999 -9999 -9999 -9999 -9999 -9999 -9999 -9999 -9999 -9999 -9999 -9999 0.001312836 0.001433788 -0.0004642436 0.002249922 0.001507422 0.002333785 0.002143097 0.002656461 0.001816617 0.002586520 0.001071840 0.0004722692 0.0003759231 0.001524235 0.001548225 0.004642641 0.006588376 0.00878519 0.01051955 0.009844112 0.007447667 0.006096841 1.996972e-05 -0.001497125 -0.001775371 -0.001513132 -0.001189391 -0.0005672715 -0.001367874 0.0002404801 0.0007085692 0.001518030 0.001805517 0.002355555 0.003299200 0.007765649 0.008578232 0.01027134 0.01160928 0.01302043 0.01465195 0.01617235 0.01664282
-9999 -9999 -9999 -9999 -9999 -9999 -9999 -9999 -9999 -9999 -9999 -9999 -9999 -9999 -9999 -9999 -9999 -9999 -9999 -9999 -9999 -9999 -9999 -9999 -9999 -9999 -9999 0.001746844 0.002152268 1.93526e-05 -0.003363208 -0.001157219 0.002275884 0.002715295 0.002820444 0.003492164 0.003549304 0.002437004 0.002702197 0.001841811 0.002502917 0.003408145 0.005178946 0.007735675 0.0085065 0.01012214 0.00923891 0.008368946 0.005519896 -0.0003823377 -0.001457755 -0.001656272 -0.001094147 -0.001027997 -0.000434684 0.004073964 0.001556476 0.0001289096 0.001108663 0.002505924 0.004609156 0.004695860 0.008185415 0.009273542 0.009860067 0.01114986 0.01258842 0.01430369 0.01507437 0.01591759
-9999 -9999 -9999 -9999 -9999 -9999 -9999 -9999 -9999 -9999 -9999 -9999 -9999 -9999 -9999 -9999 -9999 -9999 -9999 -9999 -9999 -9999 -9999 -9999 -9999 -9999 -9999 -9999 0.0009460686 -0.001102808 -0.00273166 -0.005060401 -0.002106308 0.001769686 0.002605162 0.002896294 0.003253262 0.003845866 0.003622690 0.003945288 0.004116698 0.004757994 0.006988369 0.007928084 0.009037037 0.009671556 0.009057028 0.00906473 0.006190464 0.0001828459 -0.0007178775 -0.000450801 -0.001288152 -0.0001893998 0.0001661299 0.004141173 0.0007336998 0.001203257 0.002603841 0.003676934 0.004333054 0.004598970 0.008075834 0.008679443 0.01052955 0.01166008 0.01248229 0.01238005 0.01559520 0.01619941
-9999 -9999 -9999 -9999 -9999 -9999 -9999 -9999 -9999 -9999 -9999 -9999 -9999 -9999 -9999 -9999 -9999 -9999 -9999 -9999 -9999 -9999 -9999 -9999 -9999 -9999 -9999 -9999 -9999 -0.0009034858 -0.002750459 -0.0043078 -0.005551672 -0.001111449 0.003004992 0.002067936 0.003327779 0.004479231 0.005277165 0.005177306 0.005440739 0.00613016 0.006990698 0.0084571 0.009730714 0.008996678 0.008705174 0.00783287 0.006985849 0.001308759 -0.0001933354 7.691695e-05 0.0001842741 0.0008104297 0.001144837 0.004252283 0.00508939 0.002519514 0.004281101 0.004377738 0.004839669 0.005271552 0.008474398 0.009024967 0.01022828 0.01202289 0.01064523 0.01232961 0.01629814 0.01618444
-9999 -9999 -9999 -9999 -9999 -9999 -9999 -9999 -9999 -9999 -9999 -9999 -9999 -9999 -9999 -9999 -9999 -9999 -9999 -9999 -9999 -9999 -9999 -9999 -9999 -9999 -9999 -9999 -9999 -0.001704826 -0.002862832 -0.003188088 -0.004254518 -0.001658544 0.001205492 0.003844031 0.003664367 0.004804926 0.00517435 0.005808582 0.005907327 0.006009922 0.007682726 0.008211721 0.009152341 0.008986706 0.007876229 0.007324572 0.006245856 0.001616991 0.001084186 0.0006961601 0.00138852 0.001179328 0.001869470 0.005478957 0.005672661 0.004255126 0.004042687 0.004608418 0.005212772 0.005670839 0.00875935 0.00904305 0.008202493 0.009857651 0.01326446 0.01445392 0.01547511 0.01599706
-9999 -9999 -9999 -9999 -9999 -9999 -9999 -9999 -9999 -9999 -9999 -9999 -9999 -9999 -9999 -9999 -9999 -9999 -9999 -9999 -9999 -9999 -9999 -9999 -9999 -9999 -9999 -9999 -9999 -9999 0.001067452 -0.0005372299 -0.001348812 -0.001811091 0.001409868 0.002684169 0.003445378 0.004801099 0.005177207 0.005311182 0.005647041 0.006319208 0.007762249 0.008165808 0.008597688 0.007241299 0.007362318 0.007184666 0.002520190 0.002675305 0.0007413426 0.001601801 0.002060809 0.001970795 0.005612318 0.005363731 0.006742045 0.004600978 0.005991892 0.00528982 0.005855958 0.006001539 0.007115526 0.007400578 0.008209415 0.01210260 0.01329917 0.01391320 0.01517398 0.01627505
-9999 -9999 -9999 -9999 -9999 -9999 -9999 -9999 -9999 -9999 -9999 -9999 -9999 -9999 -9999 -9999 -9999 -9999 -9999 -9999 -9999 -9999 -9999 -9999 -9999 -9999 -9999 -9999 -9999 -9999 -9999 0.005709438 0.003133937 4.322062e-05 0.001620497 0.001652292 0.002065281 0.003549546 0.004676709 0.00555562 0.005908916 0.0063371 0.007086943 0.007651602 0.007386665 0.007174367 0.006701709 0.006988121 0.002003436 0.001386734 0.001616401 0.001991336 0.001787319 0.002367991 0.005198074 0.007468956 0.00722902 0.004893914 0.005308437 0.005918141 0.006437548 0.006425249 0.007745049 0.008223916 0.01169518 0.01245334 0.01405668 0.01509000 0.01463497 0.01613095
-9999 -9999 -9999 -9999 -9999 -9999 -9999 -9999 -9999 -9999 -9999 -9999 -9999 -9999 -9999 -9999 -9999 -9999 -9999 -9999 -9999 -9999 -9999 -9999 -9999 -9999 -9999 -9999 -9999 -9999 -9999 -9999 0.007134167 0.003536009 0.001303065 0.001721971 0.003069849 0.003734212 0.00509627 0.005074818 0.005707564 0.007312036 0.00719523 0.00716034 0.007128135 0.006581576 0.006324765 0.007391174 0.002533361 0.002405683 0.002250702 0.002790266 0.002389401 0.002639502 0.007485685 0.007507642 0.008147812 0.006028126 0.005992363 0.006563463 0.006733042 0.007594845 0.007756964 0.008544647 0.01179505 0.01295775 0.01385440 0.01517882 0.01635187 0.01603360
-9999 -9999 -9999 -9999 -9999 -9999 -9999 -9999 -9999 -9999 -9999 -9999 -9999 -9999 -9999 -9999 -9999 -9999 -9999 -9999 -9999 -9999 -9999 -9999 -9999 -9999 -9999 -9999 -9999 -9999 -9999 -9999 -9999 0.007253902 0.004575203 0.004445272 0.00405623 0.004838507 0.005179302 0.005779405 0.006778898 0.007285215 0.006658643 0.006767046 0.00696901 0.007361266 0.006560485 0.00656132 0.003178468 0.003252362 0.002809848 0.009726937 0.008854466 0.009825638 0.009756912 0.01002715 0.009823955 0.00574814 0.006708681 0.007079336 0.007173899 0.00840644 0.00815271 0.01174310 0.01289028 0.01328935 0.01459485 0.01577719 0.01603267 0.01634145
-9999 -9999 -9999 -9999 -9999 -9999 -9999 -9999 -9999 -9999 -9999 -9999 -9999 -9999 -9999 -9999 -9999 -9999 -9999 -9999 -9999 -9999 -9999 -9999 -9999 -9999 -9999 -9999 -9999 -9999 -9999 -9999 -9999 -9999 0.005552718 0.004476351 0.005170272 0.005085763 0.006073267 0.006232407 0.007717974 0.006896795 0.006713375 0.006954202 0.007106959 0.007242714 0.00743748 0.003837965 0.00973211 0.009630068 0.009576172 0.00998126 0.00954959 0.01052027 0.009777425 0.01061070 0.01058669 0.006932196 0.006734279 0.006988909 0.007755401 0.008696153 0.008292135 0.009683462 0.01311334 0.01451437 0.01560241 0.01576723 0.01558029 0.01524622
-9999 -9999 -9999 -9999 -9999 -9999 -9999 -9999 -9999 -9999 -9999 -9999 -9999 -9999 -9999 -9999 -9999 -9999 -9999 -9999 -9999 -9999 -9999 -9999 -9999 -9999 -9999 -9999 -9999 -9999 -9999 -9999 -9999 -9999 0.006143971 0.004908327 0.004966777 0.006314421 0.006219183 0.006182637 0.006393421 0.0069015 0.006593713 0.007117415 0.007011873 0.007624853 0.009879963 0.01046680 0.01011049 0.009838702 0.01028743 0.01048311 0.01084538 0.01008573 0.01065570 0.01053514 0.01028559 0.007711213 0.007232813 0.008881316 0.00835744 0.009111547 0.009679278 0.01185222 0.0134851 0.01419174 0.01554002 0.01552614 0.01600510 0.01566672
-9999 -9999 -9999 -9999 -9999 -9999 -9999 -9999 -9999 -9999 -9999 -9999 -9999 -9999 -9999 -9999 -9999 -9999 -9999 -9999 -9999 -9999 -9999 -9999 -9999 -9999 -9999 -9999 -9999 -9999 -9999 -9999 -9999 -9999 0.003922735 0.002816472 0.004529985 0.004305084 0.005302645 0.005994656 0.006940919 0.007423977 0.007152848 0.006371232 0.01024748 0.009993877 0.01098793 0.01080174 0.01059514 0.01038995 0.01115547 0.01025071 0.01054819 0.01037128 0.01039610 0.01113015 0.01159532 0.008370224 0.008164813 0.008228593 0.009358922 0.009236174 0.01276093 0.01272127 0.01327313 0.01532286 0.01576685 0.0156775 0.01517645 0.01512924
-9999 -9999 -9999 -9999 -9999 -9999 -9999 -9999 -9999 -9999 -9999 -9999 -9999 -9999 -9999 -9999 -9999 -9999 -9999 -9999 -9999 -9999 -9999 -9999 -9999 -9999 -9999 -9999 -9999 -9999 -9999 -9999 -9999 -9999 -9999 0.002134436 0.001971555 0.002691901 0.002923865 0.003171141 0.003297145 0.003543319 0.003786852 0.01018435 0.009467885 0.01065130 0.01076925 0.01075498 0.01093951 0.01121634 0.01121568 0.01113083 0.01156741 0.01129186 0.01151926 0.01195029 0.008807932 0.008798021 0.008889476 0.00884206 0.008642278 0.01203505 0.01263634 0.01314171 0.01385968 0.01545133 0.01564459 0.01522977 0.01514871 0.01494092
-9999 -9999 -9999 -9999 -9999 -9999 -9999 -9999 -9999 -9999 -9999 -9999 -9999 -9999 -9999 -9999 -9999 -9999 -9999 -9999 -9999 -9999 -9999 -9999 -9999 -9999 -9999 -9999 -9999 -9999 -9999 -9999 -9999 -9999 -9999 0.002428356 0.002812325 0.002579217 0.003061147 0.003269433 0.003699829 0.004533536 0.009799112 0.01017677 0.01012849 0.009820826 0.01049232 0.01109981 0.01153928 0.01103305 0.01203257 0.01226057 0.01160875 0.01196619 0.01194121 0.01217905 0.00923109 0.01030830 0.00970681 0.01018178 0.01252791 0.01211511 0.01353158 0.01353297 0.01444676 0.01555468 0.01618185 0.01603246 0.01508874 0.01493416
-9999 -9999 -9999 -9999 -9999 -9999 -9999 -9999 -9999 -9999 -9999 -9999 -9999 -9999 -9999 -9999 -9999 -9999 -9999 -9999 -9999 -9999 -9999 -9999 -9999 -9999 -9999 -9999 -9999 -9999 -9999 -9999 -9999 -9999 -9999 -9999 0.00241282 0.002950343 0.002847737 0.003343508 0.00934584 0.01017272 0.01071269 0.01024934 0.01055525 0.01018271 0.01037404 0.01068582 0.01200533 0.01261492 0.01254150 0.01274140 0.01299151 0.01304028 0.01314399 0.01254802 0.01034871 0.009980613 0.01044972 0.01327515 0.01330098 0.01328522 0.01375741 0.01357359 0.01498994 0.01623798 0.01659429 0.01606736 0.01518129 0.01480582
-9999 -9999 -9999 -9999 -9999 -9999 -9999 -9999 -9999 -9999 -9999 -9999 -9999 -9999 -9999 -9999 -9999 -9999 -9999 -9999 -9999 -9999 -9999 -9999 -9999 -9999 -9999 -9999 -9999 -9999 -9999 -9999 -9999 -9999 -9999 -9999 0.002991062 0.003321138 0.003755557 0.003990401 0.009912025 0.01047985 0.01170290 0.0110822 0.01068885 0.01057337 0.01046735 0.01152764 0.01215088 0.01278288 0.01310577 0.01328179 0.01316875 0.01361728 0.01318888 0.01349913 0.01110382 0.01182535 0.01110106 0.01354245 0.01413656 0.01441126 0.01431828 0.01483427 0.01569710 0.0164415 0.01601359 0.01593075 0.01586612 0.01509697
-9999 -9999 -9999 -9999 -9999 -9999 -9999 -9999 -9999 -9999 -9999 -9999 -9999 -9999 -9999 -9999 -9999 -9999 -9999 -9999 -9999 -9999 -9999 -9999 -9999 -9999 -9999 -9999 -9999 -9999 -9999 -9999 -9999 -9999 -9999 -9999 0.004143100 0.004086352 0.004931106 0.008040524 0.008939545 0.009692969 0.01092860 0.01083844 0.01076301 0.01065542 0.01099682 0.01148942 0.01242281 0.01295949 0.01351575 0.01370864 0.01368950 0.01399543 0.01496524 0.01199367 0.01165916 0.01209517 0.01461456 0.01440633 0.01447507 0.01512169 0.01519795 0.01555688 0.01610023 0.01650833 0.01644228 0.01583220 0.01524534 0.01484324
